1065
3060
701
935
1390
1725
256
56
567
537
738
2433
1274
69
1019
326
264
1139
1074
69
981
509
265
576
66
245
1249
94
102
188
970
2272
331
463
1509
2989
180
30
834
18
577
402
660
1540
792
69
519
11
329
213
312
397
1630
1004
3080
13
288
714
2039
1620
1069
56
4
101
2801
643
742
23
623
263
620
823
950
243
995
1181
553
1340
363
2098
1411
3136
590
255
1248
57
315
204
124
713
1875
851
1292
2567
787
725
732
704
957
1148
92
501
941
587
88
719
926
794
162
1075
1221
1272
486
20
856
1274
441
1043
1072
808
151
837
3838
456
2063
39
946
2348
1391
826
244
54
721
5616
372
3544
691
52
165
246
722
886
93
460
79
107
461
608
1149
1627
600
483
1507
543
723
193
1841
73
2044
940
1026
40
1763
898
717
1047
5157
571
1675
2460
528
76
121
332
313
335
567
880
917
374
944
180
1185
262
896
2019
1853
488
1072
971
590
210
95
474
59
7
1741
1531
233
777
1210
182
210
3616
861
2370
17
1079
749
1181
572
504
332
1666
1511
886
1096
571
166
65
340
374
499
417
4801
652
15
283
1736
4
269
46
871
567
818
1374
1124
81
846
789
65
426
300
508
393
858
814
3561
1667
1920
1271
140
662
1067
60
2102
157
1251
129
327
53
222
839
187
4699
828
1023
38
917
861
915
447
2885
1987
119
1392
424
165
241
417
642
2455
1877
22
311
547
33
169
577
343
1197
4212
279
602
746
910
277
85
257
3427
1558
1266
685
290
41
723
1961
183
772
1242
446
1628
1556
621
1666
781
174
896
1464
2153
1006
21
1099
421
13
14
340
2636
814
16
383
2352
384
188
724
407
2342
343
151
735
122
917
1361
1018
580
731
1652
18
1059
550
193
362
1182
776
47
650
615
204
453
275
146
956
950
1338
717
6
1225
282
984
671
1087
312
542
98
178
4
401
278
1303
274
507
1311
1638
143
241
149
374
1492
1346
754
1061
3
406
2084
628
251
125
2733
709
515
2791
3181
1028
1212
1237
107
744
257
350
96
1278
1475
292
17
302
3220
138
1101
986
1208
91
209
2141
2466
675
1687
655
144
904
132
976
338
362
120
990
529
3206
1680
1528
24
157
220
1629
1442
581
1266
189
105
1796
1190
547
1483
385
220
1356
553
518
1148
160
1054
167
632
995
2161
1099
75
1554
522
1029
1419
3391
174
166
829
796
367
855
339
73
736
899
199
2835
359
1197
224
1031
198
2123
1481
416
348
1251
402
245
462
937
840
1167
154
4847
701
887
18
1615
994
101
353
1384
387
1350
35
544
18
1597
1720
676
414
59
1396
4
645
292
1246
404
243
691
219
13
779
1184
100
69
62
2309
33
163
524
1978
355
3829
470
551
21
67
1291
530
525
1525
105
354
471
1042
530
294
3151
367
89
657
174
514
206
805
146
50
1487
1323
19
938
195
73
2651
1315
748
285
1278
1663
327
4000
1697
2089
1069
326
865
138
748
769
828
709
2080
608
835
1140
1493
549
1156
478
573
1026
1209
1105
3722
536
921
176
822
717
98
1171
334
84
1584
37
706
25
418
842
13
2283
1238
531
302
140
607
747
908
172
754
142
937
834
1364
1729
3383
1324
135
3620
138
47
815
444
1636
555
1560
3560
709
1280
426
1340
1331
369
1289
302
1351
309
852
534
185
20
5444
736
5031
2705
460
39
130
495
1080
816
2722
322
71
223
65
948
2180
153
907
246
1354
503
1850
1078
487
173
1162
1471
231
664
267
253
381
249
937
649
1288
1175
797
166
731
1250
1686
1053
178
551
32
197
794
1366
289
123
774
84
3
815
1049
319
711
2412
1553
3973
113
3759
323
874
904
1805
1024
518
918
1324
511
548
967
734
710
462
432
502
313
1675
4483
544
397
2
1852
94
784
975
184
159
592
1665
2160
583
72
302
85
1770
426
694
847
492
677
2062
699
128
538
135
802
663
50
1309
1921
451
915
1930
163
1550
1054
160
87
200
911
1252
90
5
280
14
518
595
74
1037
1162
1685
2249
704
25
187
302
2174
641
295
475
1757
521
162
3599
1177
77
55
125
1104
12
1961
362
936
1817
898
15
1236
531
1566
228
325
1509
1686
778
1292
963
1300
62
821
860
71
1878
1323
567
417
1359
489
205
584
189
2529
3622
37
212
3
1201
1027
227
934
533
74
701
483
390
496
1083
232
604
980
1344
1592
634
847
1728
1061
612
371
269
188
65
520
326
2908
487
336
2358
598
508
31
357
95
25
9
49
21
488
137
2022
643
47
674
1270
369
203
472
98
1898
1739
1779
1038
87
379
1415
371
3250
1023
2290
620
2170
649
266
247
655
61
107
1617
118
364
2463
602
1765
1482
153
2144
726
2020
836
202
612
379
76
1124
1530
348
152
2067
5
1708
1180
733
2952
109
695
298
188
290
747
1586
52
2128
1859
313
26
130
75
1940
236
223
870
673
1255
251
1806
196
474
1133
1269
184
1226
1604
1297
777
2774
867
182
1857
748
882
2259
1653
987
2237
259
100
988
507
348
332
485
31
393
1073
337
1491
142
901
1000
853
963
2573
2294
366
1001
614
2307
766
672
1145
1234
1815
288
1267
1617
303
27
1801
2767
462
1917
213
555
880
2346
277
801
383
598
652
126
568
1256
422
237
1649
358
228
90
153
3654
99
1453
251
1095
1031
136
186
802
362
130
2541
125
100
1877
1402
168
1012
1465
1027
223
977
177
19
171
1248
539
80
504
197
579
266
942
633
314
390
457
49
265
936
2978
206
53
1016
590
36
822
311
1247
268
968
184
71
85
286
154
783
461
1764
43
349
492
353
212
171
17
2249
1539
431
432
1594
1861
12
910
676
864
569
1452
311
778
230
162
51
333
2966
538
698
680
1027
1815
550
470
646
47
1172
714
107
477
365
6
377
952
608
628
837
1794
361
424
398
408
145
307
1147
3165
1206
1179
561
303
1405
4256
559
1271
2414
256
669
111
288
1250
1355
518
1354
1391
254
160
709
335
2005
194
57
730
464
826
760
44
80
185
298
335
291
373
119
880
911
441
718
864
488
930
3294
3587
807
168
111
313
290
1391
396
191
209
173
2831
371
439
827
330
2829
467
295
506
371
859
737
1408
900
218
369
553
779
1341
245
639
135
40
92
542
246
432
244
514
601
854
358
555
28
56
3116
895
1958
189
768
19
2637
570
352
1317
273
342
323
107
330
863
313
702
379
975
397
1119
337
1923
947
946
648
814
503
666
1029
270
183
960
1087
420
37
600
86
219
981
149
470
1193
429
212
260
441
237
3053
4068
2129
932
1174
264
118
326
870
739
697
519
61
112
341
1239
921
903
161
3522
1336
344
583
1983
404
220
169
391
614
4
848
105
1132
356
723
266
861
243
1785
482
363
1126
278
1868
154
490
172
388
900
2863
79
654
279
178
436
42
46
144
1892
812
442
87
1312
2567
1652
499
27
2749
2648
670
330
930
488
1183
132
105
545
1821
355
446
256
86
1101
307
639
2670
291
53
156
728
1113
503
1079
12
499
1667
257
331
556
299
705
46
893
1869
1097
24
578
1119
308
497
161
2039
324
4668
1943
1003
2063
198
634
379
298
778
396
1251
226
3251
9
241
374
54
785
50
2872
928
1953
659
138
1296
2131
964
2
1664
1346
441
201
640
57
1245
215
86
340
644
933
834
1220
158
3187
590
1478
1806
249
546
1193
674
35
258
155
39
452
1714
2646
22
2053
63
1203
1194
20
1532
161
44
1016
3149
1028
591
549
907
723
43
1360
451
30
847
2035
128
1676
1056
128
51
803
603
215
1287
35
144
1556
52
95
875
169
1919
291
791
674
545
676
1028
508
22
282
7345
4659
530
964
797
55
2137
158
769
241
81
1462
1952
9
233
1384
917
33
17
1930
166
388
1202
623
494
2215
377
156
969
448
2158
164
1162
3558
331
615
1060
343
1062
1394
1326
649
29
460
1031
288
1606
109
460
1587
118
181
90
1111
687
63
159
731
2009
1443
972
143
1126
592
1660
588
1365
19
75
694
884
333
177
197
396
523
147
2375
450
800
3644
481
1254
234
1054
212
3788
267
68
1147
2440
2422
929
666
94
349
1132
331
1566
27
883
709
158
529
340
1293
694
585
1856
294
351
481
1968
859
537
13
112
412
304
92
1059
256
568
114
77
1398
1732
530
2635
5
59
1040
272
2529
1645
901
2677
4121
266
192
68
694
606
410
1154
1862
219
655
90
1025
1575
928
439
189
1060
1102
1358
939
1259
4455
164
2052
646
1589
1740
126
2476
234
516
307
670
697
102
562
1631
2955
1299
515
375
837
490
37
2026
108
1353
2199
2009
183
355
27
149
321
2633
418
3283
1638
2235
287
1853
2485
811
942
163
667
1364
1238
928
1132
846
128
255
246
290
1014
57
388
2281
1459
410
259
2735
881
1602
2252
479
1834
1960
156
116
115
406
104
19
745
695
2324
1238
27
610
1559
1450
3067
393
1018
2371
1028
1345
258
927
253
1804
982
28
477
277
636
1455
263
1070
2997
74
708
436
952
1270
362
931
1243
255
33
271
475
382
1369
5
488
774
241
869
1359
5309
2664
122
152
56
2520
3609
1275
790
651
41
81
163
588
29
1578
376
605
257
153
1591
123
213
2021
983
41
158
323
792
13
3
1515
2043
856
451
1118
270
2000
756
225
1904
1058
2189
692
59
308
1674
34
61
743
332
38
154
451
1671
411
1111
703
3368
1608
97
92
410
990
979
232
1133
313
900
684
169
861
796
816
1507
588
808
390
599
581
271
1027
1360
1211
652
73
380
660
736
1273
51
2087
177
563
185
1523
569
350
13
892
326
839
251
1125
165
1063
752
446
6033
605
2080
600
382
480
446
164
1393
412
66
933
887
1528
3
198
340
473
492
148
1341
1710
1350
239
701
832
684
721
246
202
987
70
30
257
178
2069
174
331
1856
1312
182
1155
2038
50
2322
568
630
52
361
188
2246
220
768
63
823
652
96
233
452
136
165
405
1579
495
2468
78
696
1871
374
966
44
219
1430
1286
251
2727
200
3886
1998
197
1100
1074
132
640
107
376
118
452
1047
701
201
452
106
157
653
797
687
58
1144
1624
590
1336
68
504
68
363
576
855
494
1125
558
2424
1282
1921
96
112
1168
1436
73
524
270
763
336
2020
135
853
477
284
279
200
28
52
1683
127
2637
1998
419
526
246
562
264
26
1094
143
79
66
380
1011
106
2164
18
309
1874
167
922
1002
232
2124
485
732
395
241
1370
2268
1294
365
1156
602
429
2445
839
2254
1390
188
410
1423
12
394
4
496
523
119
1053
3467
437
93
102
2822
592
327
2969
463
607
795
922
2796
979
2765
317
1230
2989
52
88
258
117
1946
1320
1436
141
141
1072
515
376
350
1407
3431
1747
583
1070
430
1732
227
282
982
1890
48
397
1381
574
996
360
567
246
681
494
1017
656
1674
626
84
748
117
10
921
27
1179
13
1337
1321
1990
438
651
985
1190
2459
663
523
97
2233
963
1148
146
1006
1561
1200
1503
252
151
409
998
1860
1303
674
626
892
1971
587
299
220
121
1156
297
443
178
464
346
1766
512
2034
1466
590
102
183
959
318
32
342
152
2784
2102
466
132
1620
36
2077
20
858
2166
729
86
1108
1825
145
459
973
1972
419
471
204
390
432
156
1861
49
75
129
208
594
272
1048
538
290
151
756
211
338
163
1793
453
175
21
1382
710
1091
1095
442
606
201
1385
376
1995
578
2903
468
338
617
838
313
2429
992
1195
564
78
196
611
361
291
23
667
176
191
31
384
458
317
2859
3610
59
388
271
1005
3038
409
985
1252
244
676
1869
1144
58
2048
853
776
339
8
540
658
369
200
29
676
529
592
439
539
434
2402
42
591
6
229
324
51
150
877
405
96
303
503
214
202
269
185
852
428
143
429
59
446
1415
463
204
3027
101
1015
3636
1318
1432
746
428
171
1100
270
32
434
1848
685
112
43
1882
843
1191
595
70
803
200
567
2011
411
226
630
2291
17
105
383
511
142
241
9
452
2186
1102
1058
294
1982
204
1955
486
1769
1744
122
959
866
753
232
161
2943
521
2906
584
2015
99
1625
281
209
1629
1588
504
514
1015
47
598
1716
2082
189
272
713
330
2450
711
2
2419
670
566
357
151
1155
134
87
585
1197
2262
962
164
1924
367
4246
892
413
606
71
485
860
873
368
673
1228
130
259
183
39
1051
906
319
957
471
472
475
226
115
255
200
1569
1119
520
1739
493
254
393
3366
1401
378
3875
424
1957
170
741
381
926
555
596
1933
2520
703
403
224
1701
555
657
933
573
1141
1197
46
1048
485
1228
686
2710
79
737
146
157
1434
1217
1083
2148
1031
481
476
293
1218
66
117
498
1722
1833
151
55
1189
1758
28
1431
2147
687
308
237
8
1405
442
368
2217
342
241
193
430
930
453
273
285
178
1215
56
69
1689
1696
473
51
287
713
467
18
1444
309
81
3280
1653
477
344
214
303
788
21
473
85
3294
1122
762
1098
628
869
645
386
117
1449
2500
136
1164
1224
330
112
710
1778
223
559
74
241
391
378
1394
551
322
204
550
1957
196
655
1621
1321
1204
957
284
379
1902
90
184
1350
2632
1636
747
257
73
516
2484
1821
70
415
47
3863
62
161
182
78
812
512
1112
240
428
835
124
803
89
709
269
1029
2689
333
1794
3623
1518
188
24
30
2729
1263
1213
229
339
253
1285
1112
353
2695
676
660
1200
499
376
268
24
72
16
757
303
125
87
1751
892
652
1045
781
398
776
1024
299
2896
757
381
280
714
502
2867
548
746
531
1477
2822
82
383
501
498
75
217
79
139
1062
523
1251
522
1744
724
597
613
3569
2544
1508
669
2243
1276
1203
150
580
575
148
344
248
2661
95
2338
307
1121
2701
184
238
1204
438
478
416
991
410
329
1177
2647
1440
197
455
272
1508
378
772
472
371
1051
485
937
107
1034
611
4
18
33
3619
685
76
1399
168
362
88
674
852
169
1323
1214
2001
251
1024
1200
2789
146
12
1446
3001
700
1942
332
148
775
660
1478
519
1178
59
1063
231
970
787
234
2075
196
428
1150
888
609
504
333
57
1095
874
746
66
2081
130
67
813
486
7
8
127
571
95
951
30
816
184
115
769
581
560
652
71
2720
1450
1252
3549
213
217
484
737
248
302
12
312
1375
43
49
1015
559
478
2
586
1453
2940
32
1611
11
1364
384
115
563
2256
1052
408
1078
11
36
489
451
936
985
418
44
130
193
775
1446
635
614
323
2400
1557
993
149
430
52
758
1138
2200
757
794
536
412
717
218
53
331
1272
1091
251
383
31
23
303
592
1401
280
403
98
3813
991
3487
2151
1059
165
114
187
1106
177
466
249
441
256
340
356
1807
420
334
678
131
249
338
733
128
113
447
891
409
17
1440
647
956
181
1058
661
597
290
785
1588
723
1932
1175
987
357
276
364
824
60
305
1664
1797
860
842
1328
463
208
2286
480
81
641
2198
465
1543
2073
218
14
2079
2017
276
661
94
439
215
1434
77
427
404
242
536
303
47
1010
110
1496
513
1253
810
1679
613
364
1435
1156
11
1049
158
607
651
153
1038
1773
46
1002
1674
606
603
368
11
884
1195
1080
4297
1745
1799
587
83
86
809
889
218
1378
196
214
205
10
517
385
754
730
101
652
683
53
34
363
2051
2
113
795
737
368
296
612
774
211
176
387
1589
2036
865
937
375
1368
178
390
79
527
980
801
448
832
153
309
906
1481
113
373
535
834
908
290
1623
233
690
26
291
431
89
840
454
235
3
1142
788
509
103
201
742
509
295
357
203
755
408
345
23
233
67
1025
343
108
65
77
463
194
614
122
468
95
191
1072
961
496
45
956
425
1115
454
601
170
1778
1169
277
403
376
1689
599
629
80
162
2279
101
375
243
680
280
205
188
1501
1190
2135
461
269
788
349
316
892
644
1158
33
1565
255
1653
2545
656
484
597
334
308
1970
1706
1581
1177
66
910
1844
904
3154
252
3549
101
277
2057
1346
41
528
761
261
351
1411
280
359
1166
139
1072
1549
2644
2122
1238
348
2304
916
1757
418
1094
1093
674
439
446
133
7
759
79
84
244
364
890
200
160
1488
676
3091
5017
313
35
912
280
736
973
524
118
181
755
1240
1326
1928
510
630
1861
36
379
583
2605
1317
451
421
780
3093
757
1259
926
230
2156
307
18
118
2335
277
124
703
273
90
189
1952
1537
806
808
183
2702
188
458
299
916
397
1654
1358
30
13
630
1362
631
445
760
721
335
180
351
93
1683
1860
672
308
99
1466
124
867
260
272
3776
459
1215
2780
2330
518
729
1077
1023
89
845
218
974
96
788
2727
995
897
957
72
329
474
312
578
1989
1837
1235
1544
151
126
331
686
1109
2219
45
327
167
53
931
563
561
638
558
472
2664
624
585
1699
1709
878
513
1020
654
1790
317
4243
484
511
490
905
44
766
876
1195
398
116
80
209
310
720
3829
1103
2605
1860
35
304
240
1592
61
567
111
676
1094
207
1632
4496
1925
530
426
484
811
742
569
2967
1039
380
2553
1032
194
745
307
1058
1191
419
796
1280
2328
325
729
957
375
1381
710
447
311
643
813
24
79
676
87
631
515
726
918
444
540
806
335
10
1637
2173
265
482
1018
1593
918
783
469
50
89
2890
97
277
1241
491
196
1144
146
136
974
215
1984
864
1091
4853
65
2465
1600
1403
515
1372
657
1444
54
1118
2322
2743
178
427
2724
608
2090
664
30
1024
222
80
992
478
1345
454
2541
263
273
867
4
209
252
535
331
1430
369
1694
447
869
334
210
3
1192
372
1503
6
34
924
2181
1461
209
910
705
567
289
610
356
346
504
974
113
86
2127
1603
654
353
16
2140
1829
2750
1247
743
365
415
2046
1076
220
1320
415
1003
1572
1687
280
400
63
689
1007
754
695
218
592
517
2807
2200
168
1187
798
90
400
1573
1864
597
1185
211
909
748
2587
145
494
1199
912
533
154
194
792
818
1027
745
742
350
1654
100
459
932
2544
167
42
2442
3890
947
410
449
828
1141
121
360
1127
435
3063
1522
100
370
1309
873
177
1025
248
113
163
1035
1251
1281
1334
609
1340
603
1251
210
169
2686
1712
358
197
930
761
1186
581
309
1000
563
3379
3
231
1013
1602
668
392
392
2211
1092
109
1764
2226
138
975
810
896
2985
58
1450
2425
230
312
1100
464
1143
1631
220
1833
1204
219
32
87
1488
559
423
1894
2763
963
1613
706
895
860
555
38
301
182
1921
212
1407
318
1486
939
364
1056
693
612
52
346
488
638
845
1928
2463
1172
829
964
499
177
552
1557
237
21
125
32
74
255
649
97
352
443
1382
506
547
2180
241
26
939
109
14
41
411
998
1140
404
1565
124
24
402
2686
996
193
386
1212
905
533
1705
1853
760
3082
46
2422
618
1495
529
616
1615
744
9
717
666
2048
2031
1598
1097
551
36
1018
274
271
610
319
763
2099
39
118
128
420
1251
77
1366
1496
40
1772
2728
315
672
975
789
165
4340
25
250
155
302
188
1244
613
3128
1667
80
183
1094
694
473
875
1226
51
188
69
309
302
1118
782
2597
310
905
186
12
111
1113
1239
1417
219
750
2221
538
1641
1693
523
888
1641
158
1258
589
161
1678
503
131
482
1004
701
560
19
333
191
104
783
16
317
503
1228
168
600
226
434
1038
615
905
517
479
1781
29
301
590
1317
2028
219
928
826
532
1076
877
802
155
970
825
1336
1665
84
340
1193
273
587
1078
1137
36
835
520
283
483
158
98
50
126
348
526
223
326
94
1968
961
181
2471
1854
737
245
3
893
3545
1227
1001
739
1885
341
297
1161
3517
210
528
199
436
318
247
2852
1148
314
2912
1158
449
266
16
355
1160
214
2506
6
464
613
1148
876
168
158
1220
440
691
322
525
646
339
2251
95
418
133
292
1605
2541
776
517
2455
18
481
756
118
13
862
679
402
1834
117
120
571
2096
259
101
265
287
311
144
3389
133
150
209
241
468
1592
260
60
1877
342
1144
583
335
531
249
159
702
1149
157
238
480
692
755
700
1548
354
1341
839
553
881
1803
355
762
229
240
745
422
330
293
1212
2194
673
903
1941
154
1487
258
124
673
2430
462
491
1778
273
316
859
1032
168
573
432
1652
259
490
775
633
492
15
308
279
225
2156
23
942
457
60
466
85
152
214
1302
1672
945
594
238
371
318
322
899
1155
91
59
491
1290
518
213
359
1382
372
746
1037
3732
774
91
248
1338
1420
165
1114
884
827
3104
711
388
933
583
1230
549
188
226
697
455
139
1570
1181
78
1313
350
654
1100
1415
7
2398
375
414
164
4307
924
18
514
906
1772
287
2086
331
655
1501
801
1557
2091
362
1555
316
48
373
510
285
514
70
171
827
1477
577
356
933
166
331
2622
1395
785
251
623
269
1065
74
1233
21
37
352
4078
541
927
43
1870
1336
339
2608
146
20
133
3007
217
703
451
659
323
602
1558
270
1248
20
578
353
2114
338
77
1136
375
1356
714
1158
406
72
1830
97
309
288
556
860
96
1596
7
37
1580
1077
52
1439
373
313
348
605
281
370
378
455
112
132
98
180
1094
603
530
1272
1698
1535
1239
100
105
1307
847
701
1640
2022
137
1167
1183
77
442
4404
1923
1967
1727
305
630
778
496
8
1595
2128
379
467
364
318
2067
2785
3940
1658
1803
1265
1294
237
548
245
284
71
651
276
1722
2107
388
554
392
1508
995
16
245
169
829
79
77
1680
194
105
2378
82
251
3443
620
477
139
68
594
1417
286
58
993
432
513
361
938
1526
219
162
1123
61
3237
908
410
894
458
2401
729
1161
101
480
1683
80
17
120
1549
362
180
426
1285
374
1050
522
314
131
1473
1550
818
162
929
151
2023
155
413
417
2025
4088
414
503
725
217
272
9
1060
392
223
811
314
314
2224
554
787
1581
241
884
708
409
509
1064
524
1133
462
369
168
3914
664
296
1660
56
184
626
151
355
147
506
334
1560
583
629
398
105
291
610
108
307
530
356
1397
608
1108
166
346
305
1344
226
861
1418
420
831
533
1429
248
431
842
541
779
2157
3539
93
397
602
1025
97
225
144
338
840
457
22
121
471
930
2244
31
2140
9
1118
454
195
239
375
62
2170
122
227
1399
1233
485
948
667
768
617
959
1642
722
359
386
166
153
144
181
963
557
449
75
144
1370
1291
274
73
1368
487
2288
90
2087
73
718
746
723
986
2468
983
1323
931
1724
3180
772
99
367
671
1900
781
198
3438
1383
360
288
356
97
29
373
1167
35
841
2428
118
514
3184
43
346
74
277
114
811
49
994
561
3221
37
114
459
1003
84
548
46
1596
1049
1332
614
10
763
111
37
904
248
4850
624
1238
477
417
2011
661
115
303
755
64
442
262
208
909
2262
913
1298
2338
2058
1252
420
4282
539
237
314
1456
1651
164
608
693
350
222
229
326
278
3063
1521
710
1535
1234
431
269
70
2226
969
2757
257
371
325
160
229
11
1055
2621
324
411
48
1212
1611
3579
795
665
1138
1391
2233
36
1011
2245
474
272
718
101
1357
1011
544
362
1297
406
1284
922
547
138
298
93
256
209
146
4191
130
93
779
201
717
1783
2091
1174
2187
99
1041
1549
2243
1038
3867
34
270
208
1189
957
145
351
196
779
562
1231
413
581
925
281
50
18
173
867
302
213
1267
166
394
1260
1339
424
6997
887
881
557
403
492
306
303
478
643
1012
478
2903
662
544
767
36
261
115
3997
231
19
271
595
164
560
1770
594
119
219
995
743
963
1535
1886
513
77
391
237
337
1105
2144
1092
161
82
102
53
54
257
560
543
649
541
1253
159
211
442
644
1188
125
40
1587
612
2042
870
2482
648
532
93
165
1434
971
658
1012
1509
516
291
1568
1142
74
279
333
1283
2398
84
1882
2316
1469
644
1246
362
14
443
586
683
1439
363
432
2398
133
1300
2691
60
164
1526
14
969
450
188
797
286
46
499
144
1037
480
214
75
26
51
128
3087
291
393
105
856
349
1004
1136
372
75
829
360
3524
666
622
1320
1549
203
616
320
1083
728
996
255
310
378
2242
592
622
1176
549
1306
2124
750
548
1015
186
58
3564
124
786
512
797
570
71
706
370
111
524
276
602
180
2170
235
278
198
278
793
1023
75
554
929
285
321
299
430
318
1030
1058
37
207
477
276
424
133
836
224
1558
2826
706
119
1672
195
342
355
872
1903
2408
24
902
942
436
384
1120
1759
1199
224
689
383
1035
1028
1132
253
468
456
2683
610
344
379
270
285
244
177
274
262
738
144
105
411
152
511
344
1673
880
436
1594
210
281
260
2213
2500
722
1108
925
44
24
1840
697
367
365
1236
425
93
553
1391
3041
303
1286
2694
421
195
1333
36
76
2115
339
528
105
1647
1860
2482
238
1056
3571
747
129
1862
8
318
488
532
1043
1127
1182
826
289
1500
960
120
304
96
963
127
571
1802
1165
5601
56
834
322
1706
426
383
293
658
128
1365
1020
156
60
8
186
1101
234
788
3399
433
277
1049
283
272
2015
1071
6256
358
433
1510
413
1259
107
57
81
626
450
2362
231
1033
1788
568
585
2905
854
831
366
449
1821
2462
264
158
110
98
613
1250
240
710
650
127
891
897
1264
213
143
1913
1900
1765
481
1358
1653
123
1310
1702
139
1329
1785
217
1430
920
800
36
4454
1943
876
1283
1391
1769
315
837
884
1224
113
2035
264
348
243
642
423
569
1001
690
606
670
307
70
2312
505
875
291
6
3405
129
1144
42
463
263
2670
154
106
3104
26
3299
690
194
1401
1245
98
63
99
651
246
1536
650
28
66
479
793
113
177
174
1424
1118
6
257
1940
875
5
302
2175
867
707
700
55
133
407
1155
83
1898
817
1022
667
2316
285
236
689
1166
27
283
261
3377
2
425
396
375
93
1666
2590
1036
383
1070
907
907
107
1057
3358
346
182
693
29
511
2183
1856
35
480
583
1547
1074
1177
88
1216
720
534
1935
232
443
176
1473
746
722
351
354
139
1414
1124
183
168
1157
628
657
854
1528
777
14
2522
210
260
319
4750
695
202
197
2265
474
1420
1774
284
2678
31
597
564
200
1977
159
531
298
192
1297
96
85
100
4332
273
261
68
387
181
706
2843
929
2939
3306
714
695
490
234
115
267
150
2002
101
167
802
448
132
1509
153
723
898
288
873
554
450
1001
618
861
1728
113
405
445
375
3026
176
72
316
669
3053
7
2136
1503
441
78
1657
246
487
120
893
2900
121
710
3074
743
912
247
154
3589
659
460
1130
123
7
1692
217
480
3118
1639
153
384
85
766
718
3703
393
1229
257
4157
248
469
50
1579
553
1237
882
660
238
116
822
1569
248
34
1042
823
388
1854
876
84
1966
3824
2404
1516
356
672
263
248
2345
169
98
150
1121
661
656
43
642
136
684
765
4169
198
2451
49
36
664
305
111
102
96
98
366
286
1561
1374
112
1256
2661
265
245
981
339
1110
492
6817
3033
70
1791
790
705
234
762
942
2959
251
394
11
375
793
1577
111
77
951
193
225
738
592
367
1502
1353
624
331
243
583
4127
1349
2606
336
1054
2272
387
704
1011
1172
572
774
2328
912
1456
373
773
287
1653
782
584
508
2889
1947
625
200
1022
12
598
487
412
1679
296
499
311
631
422
1623
383
291
1340
724
302
1639
334
456
132
1011
294
1183
341
356
345
44
1511
957
1365
66
107
1366
1167
1382
603
543
4002
697
1248
822
81
39
3064
465
1187
869
617
2768
609
3185
1742
1381
151
97
181
350
905
1867
1344
737
556
1329
86
230
304
60
256
38
223
193
251
1117
683
57
1083
365
293
2440
724
506
761
826
2097
64
1170
2061
75
860
45
148
30
2091
208
1256
2186
424
265
347
495
291
158
717
429
648
1222
116
1280
1882
324
93
2519
388
824
464
900
346
949
694
771
1077
2289
711
1150
787
153
304
688
1473
555
58
1483
96
402
1209
261
482
11
261
3411
953
1358
662
156
389
229
1876
319
86
188
937
2
419
124
1536
185
1093
347
138
100
1978
263
1064
9
975
684
844
109
299
4
4156
1109
1435
1035
227
1267
464
218
28
1699
1422
2954
57
589
2238
714
431
1983
2319
1009
571
86
1620
776
106
2295
6
1228
755
520
34
127
1359
1159
102
730
1157
82
1874
383
927
37
326
233
61
601
3085
603
291
51
571
54
1587
74
199
620
124
823
599
140
493
1573
1159
2553
589
329
402
836
149
99
1516
478
1730
1236
783
301
1574
404
4675
104
30
34
2828
622
481
1207
1436
38
580
1252
803
20
93
517
395
267
86
1978
1166
1274
1869
993
659
11
537
315
856
441
882
1125
2292
1043
1798
568
321
1776
1223
134
3113
547
343
789
1081
4039
827
667
1150
682
1005
1229
1183
58
363
248
199
19
252
2776
1473
1678
687
849
812
104
1419
71
781
531
48
617
1962
47
123
3562
132
870
128
149
550
819
280
158
1565
801
971
323
130
118
588
140
426
664
1459
162
67
206
2284
809
333
331
393
338
257
2698
726
267
729
996
69
1281
580
585
2256
297
245
2614
46
539
2699
1130
2482
1650
652
1744
1158
351
185
27
2059
270
54
700
204
1353
888
197
498
548
1001
965
212
1295
1108
2146
721
2393
769
964
107
2359
204
3711
176
361
816
2366
121
387
625
526
244
829
25
530
489
1300
564
370
1118
69
25
1371
777
354
1903
605
1661
75
1757
237
270
1450
340
256
38
624
2413
1251
901
1537
2619
2663
130
376
1789
1426
1076
457
554
288
77
174
293
163
175
371
3174
247
214
388
387
365
2260
1322
296
2047
2177
779
1013
141
103
1970
1038
2976
70
151
33
38
1142
1687
889
210
654
345
24
945
1694
4
1901
694
218
819
1743
2168
9
351
2325
552
26
270
766
705
443
44
877
2882
362
67
326
922
613
37
171
84
720
352
331
449
2353
130
742
3911
1371
53
389
961
2020
1582
732
1347
88
608
1404
1853
3290
10
140
1139
1758
1495
437
3205
523
1369
762
196
236
274
1185
1509
517
616
2938
166
2237
86
120
98
77
5070
631
102
463
1123
319
114
1087
1883
45
20
896
901
1097
838
1185
508
708
691
24
429
1196
786
17
774
24
117
2153
88
792
1727
171
7
364
214
1489
1725
109
1848
627
168
528
44
96
646
370
296
844
840
321
205
63
1836
2062
184
194
1395
26
982
1797
304
1957
2550
1373
830
168
495
1435
775
330
217
101
131
399
187
561
166
227
1769
971
1064
633
73
1426
1044
1333
2830
97
2445
144
2566
329
380
258
263
283
885
660
1881
118
571
5019
43
814
914
632
1420
1584
709
128
169
2208
881
1066
99
223
301
297
92
96
776
76
2082
1089
670
1839
1306
739
445
246
39
389
1414
160
35
332
604
72
156
315
1227
2356
55
399
141
260
1893
1850
1888
3709
1685
899
1623
632
80
976
1240
2644
314
171
2281
89
953
306
302
151
266
58
7
1527
1478
176
19
1048
440
893
1303
566
178
1742
916
638
312
173
828
394
3382
1141
909
115
713
178
81
28
679
2079
1465
717
375
299
674
55
62
1134
591
373
2166
272
65
1875
2464
650
250
412
103
1521
243
754
1912
169
953
740
1763
669
29
925
495
922
1826
784
541
3
204
794
1969
393
214
328
271
252
1144
1321
1535
183
1360
314
809
1939
12
389
216
487
41
643
1915
129
2079
83
846
3341
1036
609
622
78
694
730
1539
1535
856
335
3079
1077
513
40
125
132
438
239
269
129
415
117
2799
1026
392
453
381
615
470
300
927
96
1972
2111
319
746
1031
96
1296
154
1638
1081
2207
382
249
1378
90
127
475
836
785
514
680
1063
142
267
288
1540
195
262
653
155
355
239
1620
558
204
3430
483
1163
374
118
956
9
134
1584
331
655
504
13
1364
168
574
671
1145
419
385
898
629
55
149
284
874
1334
1354
652
1776
61
324
2269
2135
389
2175
85
24
102
187
736
1186
1190
91
752
359
1671
662
1539
671
380
291
595
253
110
218
2030
1107
837
1057
1910
1187
2250
2554
743
428
698
429
152
566
771
1358
357
5
1301
152
6
201
403
1700
357
268
863
2667
72
533
150
1913
402
476
164
600
1699
1269
4108
1616
338
133
24
681
80
1229
312
413
2606
154
807
1052
434
13
2440
733
111
1366
308
66
850
539
532
76
1970
866
1630
1187
664
172
158
654
1938
586
500
121
911
4519
494
30
781
289
520
294
389
1645
915
700
125
21
204
105
273
311
1161
594
196
1003
143
2392
904
446
1235
1103
1153
238
1182
498
1291
2065
951
1352
827
1617
179
1301
1339
1362
1143
297
214
22
405
737
1569
73
1876
1108
1977
145
3123
110
888
169
639
84
217
286
143
440
149
309
245
603
879
658
307
1962
980
584
747
1793
856
2276
715
200
320
67
1471
764
410
777
693
494
1130
740
2267
1481
2591
871
205
1252
1118
8
1098
78
390
813
469
1097
750
542
5213
678
621
639
1149
59
80
325
432
1095
253
20
391
579
727
552
1113
1765
91
542
333
1908
397
473
277
231
177
86
12
94
221
1258
689
123
1301
3
687
1354
71
2525
1082
2454
197
401
417
1667
1872
912
780
1119
1277
1887
257
118
352
792
310
2276
271
128
186
1371
246
328
319
59
370
151
656
263
703
1317
147
339
414
1272
356
752
230
1321
88
235
603
1773
1709
1363
137
1080
595
1011
267
4146
1206
927
1118
1871
1103
492
306
361
2803
2711
1265
1194
736
1491
929
579
15
233
1998
163
6
739
1311
1347
1060
929
2597
301
300
74
408
162
787
413
53
129
134
384
41
124
323
148
586
724
559
45
170
1028
2936
633
788
38
1489
125
208
1688
1328
674
293
281
4982
46
860
2625
868
230
2561
587
221
1063
2224
583
345
1130
994
427
1748
134
390
52
54
11
71
363
988
148
66
1414
567
1800
588
761
147
768
599
10
138
2
545
963
251
1467
1195
372
263
631
111
369
349
985
3034
754
1424
515
800
22
609
23
207
169
757
1286
33
97
1495
1907
278
583
4988
152
1092
352
527
258
312
154
2149
1231
813
2088
1049
188
2370
759
202
248
266
841
112
1540
492
189
87
96
1108
286
422
401
3861
578
1447
1296
101
1760
893
1213
826
1638
645
595
2192
568
424
450
137
218
1250
3586
220
1701
492
672
859
843
647
362
276
642
1409
781
459
98
439
36
170
608
196
206
1041
1823
228
45
823
224
1297
281
104
1323
117
829
1657
1855
52
885
1697
245
1561
240
986
259
170
463
119
1140
278
5
4046
3173
706
660
887
470
356
124
234
156
168
252
12
1908
44
1568
136
1250
567
993
750
1972
443
1109
762
2229
102
722
201
121
875
301
1587
1596
439
210
260
1180
739
102
1558
2584
278
2672
320
998
320
2501
593
1742
239
720
1342
1796
379
1025
485
124
751
833
1128
204
2031
237
259
980
143
739
1381
51
976
478
611
402
237
1163
271
416
2211
1027
1662
1030
240
98
983
808
6
1502
744
1252
1790
295
1955
15
4848
420
286
2592
1770
951
351
1557
495
876
1114
1019
64
493
3327
368
505
1074
136
2148
163
663
916
1957
639
683
46
277
593
274
1113
481
196
1271
514
229
658
4446
221
321
1097
912
468
60
1265
36
50
49
281
4082
12
363
548
940
1063
1731
897
71
257
382
2191
488
141
195
1024
355
570
623
1467
1962
771
410
138
347
2354
2197
370
357
824
928
399
434
577
932
2493
39
852
113
5239
109
1126
86
142
483
281
519
680
735
1807
945
36
722
153
1207
172
260
746
234
353
1354
628
842
907
808
86
149
1347
1924
448
128
458
2733
1514
347
1571
494
1253
66
353
193
302
2990
297
3267
364
761
1006
1018
1450
1272
1377
323
618
1580
1758
121
1217
858
1358
1891
716
1077
266
1372
1073
709
534
3903
1697
646
2027
906
426
709
2010
362
274
129
156
383
686
852
1386
1099
1840
227
1141
1847
580
129
1041
2229
522
192
1108
253
40
15
58
570
2450
4394
895
423
394
1241
145
671
67
731
778
175
1988
765
760
64
308
374
866
1109
815
667
89
808
42
1515
432
1940
97
336
2213
104
624
236
372
3
328
25
453
185
458
375
980
646
2846
1402
223
655
271
34
310
545
153
858
624
9
425
201
915
3226
1575
87
1739
1949
455
177
1376
254
3111
704
689
253
438
132
2271
477
794
687
946
128
875
968
801
2724
359
845
454
107
1817
773
1006
65
1336
42
399
155
302
496
459
654
336
143
139
1032
30
742
3255
108
319
43
209
936
451
1806
439
799
2619
29
337
421
2199
280
840
14
891
2395
227
1012
250
668
234
350
143
960
2308
898
1226
1130
137
95
116
523
150
267
328
4637
241
168
404
608
299
1373
471
895
59
349
2403
1298
772
629
1639
761
1683
352
499
736
137
967
2685
1181
907
518
760
789
286
185
1494
812
628
222
866
2084
207
320
310
1669
246
141
303
509
395
767
597
329
2787
286
292
1005
153
1699
6177
55
1271
133
121
709
670
1446
75
297
667
458
64
2058
166
16
343
183
257
691
817
212
240
509
629
2571
886
2077
1080
703
3215
142
796
593
84
915
635
2339
794
4293
328
327
586
229
1457
202
900
1213
135
134
73
190
41
286
420
819
589
1068
505
154
410
221
1212
1353
459
597
1248
157
202
781
237
408
1492
1398
437
173
25
1179
1847
410
237
193
521
1507
133
1028
1252
374
94
186
222
2127
812
1160
137
605
1350
2387
727
1186
610
288
1175
778
407
273
374
749
111
3101
34
631
1582
173
935
354
2013
993
227
980
1415
940
197
2455
228
2226
506
19
1191
1377
931
1057
302
181
432
4487
647
910
216
1131
387
77
114
2123
350
397
154
1456
77
800
649
901
1035
732
108
609
139
1948
1729
644
430
1442
44
117
659
822
1424
970
334
482
146
4139
624
159
104
1219
3691
275
460
388
349
210
2003
480
654
899
846
1464
106
48
180
1345
190
1892
156
1114
1521
1176
748
1826
2315
46
19
46
1397
760
2025
1392
183
1392
197
1219
445
724
3897
76
403
2802
855
558
216
1041
1460
1184
469
612
1474
2675
190
50
8
159
1602
1955
246
1410
1243
394
499
986
1168
363
1664
560
1141
343
170
1084
2543
1096
3754
135
661
1385
628
1526
407
2206
414
171
571
558
106
2215
1224
991
432
229
1257
886
161
390
1223
2159
358
402
253
697
2533
83
970
2058
451
234
220
738
925
79
921
14
1610
23
382
1365
683
75
1125
418
2204
1403
295
340
1243
403
905
1057
131
651
641
1071
273
501
295
1692
345
2745
2958
425
318
1383
260
596
1140
719
1086
104
251
124
1074
540
318
52
378
1568
2084
2689
42
32
675
516
431
156
245
9
2181
147
201
543
1208
391
169
909
1294
529
122
651
141
40
813
406
259
512
1238
362
1113
1552
113
703
574
28
222
1059
2337
309
342
790
385
28
2608
456
1310
1244
514
701
509
2059
168
750
977
2133
134
1509
152
1061
763
893
519
163
317
331
619
423
727
256
294
170
78
200
806
971
246
213
97
244
2909
394
827
403
439
20
659
1452
395
1244
573
970
1398
1852
38
2574
278
5556
1846
282
2407
1646
2768
270
1791
899
121
462
1837
388
998
84
3758
1639
283
762
3651
3596
568
897
348
39
676
663
484
1032
2503
552
1820
1221
1238
184
1310
786
760
407
33
164
202
76
689
2202
561
1655
1504
2637
140
1040
589
762
611
978
957
1190
254
460
519
959
263
586
155
754
162
682
16
87
1151
1546
44
206
920
1569
984
1924
83
140
398
2186
1598
166
327
831
825
74
412
1816
93
2277
1085
1052
742
66
542
189
95
66
150
450
731
573
406
14
1557
726
402
471
38
387
275
108
323
1778
469
214
1112
803
699
1263
154
327
608
331
659
1935
156
575
1170
613
33
1201
936
1063
53
1058
1389
309
2553
31
993
388
334
50
870
999
511
3
231
707
2562
125
179
1508
260
1746
318
2431
1030
379
1606
179
1044
2407
59
2016
218
1053
729
389
2555
827
581
260
854
122
891
929
927
57
2545
57
478
121
547
1369
9
135
812
31
359
237
1939
326
897
2047
272
759
27
715
495
880
959
1080
488
1582
199
1383
640
79
122
133
141
947
934
939
92
4
363
826
808
705
4127
457
827
800
179
245
191
3631
1359
936
564
1536
451
312
778
76
455
535
433
408
131
65
334
1278
108
201
468
234
105
281
1444
338
1940
3034
329
1566
549
168
42
212
355
1988
1905
964
506
1156
501
168
1317
821
243
1484
168
2040
1602
1030
2173
14
1309
223
272
734
1708
3400
417
160
198
1192
153
475
342
4505
946
1425
1119
377
277
528
464
890
1447
410
872
797
505
164
257
131
553
1408
191
676
1821
2457
985
1829
802
25
762
219
549
21
658
2795
608
25
277
891
998
459
812
2918
1396
10
4164
720
992
313
408
1665
445
2487
1034
5484
217
1653
1018
57
1511
2039
143
70
4
645
201
499
296
117
3727
604
438
1616
174
793
986
754
1344
769
2472
1435
886
2674
334
195
21
1088
1388
898
722
1032
1939
1202
1554
1605
284
263
297
23
1680
1119
169
1085
80
682
464
973
346
1318
1255
628
1156
1828
1276
1051
621
949
454
1937
72
403
759
1669
924
318
1216
19
2267
1361
2987
9
1907
1019
4167
988
1761
1079
1725
1083
296
1160
1733
803
96
691
6
1428
52
73
481
1017
1261
1138
625
342
788
796
1567
1532
220
77
578
65
101
12
569
449
1674
698
1736
75
1313
662
893
112
93
926
1421
656
559
371
812
317
300
143
77
551
1061
3457
37
645
310
454
115
2988
60
1074
652
1721
1829
45
665
3
181
986
319
69
585
513
547
4040
894
848
721
1020
532
589
691
1307
24
1161
248
212
1642
733
84
418
811
319
322
901
504
844
127
1468
3222
2897
1158
976
22
27
588
229
945
1772
520
4049
1208
40
442
765
889
291
98
1253
255
477
135
1843
3097
265
183
187
123
2478
34
166
1747
113
400
251
3
313
547
853
657
1109
798
44
1602
336
1370
61
512
4431
435
2044
2349
50
65
368
3865
788
853
958
431
332
107
379
519
624
98
1113
70
29
136
934
5
221
429
1040
1920
2026
879
114
402
491
53
439
2081
666
1089
2509
412
822
841
423
223
1047
1530
447
993
1847
448
1402
36
74
1348
1291
1422
92
983
185
65
560
334
661
155
153
1667
1237
131
2226
57
355
1113
795
57
365
1170
1255
99
236
225
1981
798
850
1405
1535
208
1532
1121
1935
110
2058
148
1982
60
1348
415
871
635
721
947
335
4814
124
1148
936
1798
21
271
1352
640
940
209
1424
901
128
37
238
668
369
1135
47
2413
610
3643
293
754
395
2326
1194
921
209
1404
1575
1154
16
175
162
557
2004
268
1419
451
27
662
2598
3612
1435
169
84
4693
357
852
49
151
233
526
636
440
32
16
769
558
699
1739
1339
2457
372
356
685
908
835
234
486
1022
1701
178
1065
43
596
309
31
2416
102
55
571
41
771
109
900
1368
97
1002
5
1451
1208
1068
1468
1467
2115
87
1485
173
1067
151
23
123
818
2981
2398
1907
471
310
1972
161
310
263
134
30
274
841
1025
2739
774
406
829
3070
368
675
886
569
195
1637
24
811
274
1272
116
130
317
275
29
17
173
456
725
455
2816
603
886
1608
2033
443
2374
787
121
1100
2084
331
816
567
1692
1676
1130
1574
226
472
4
493
248
1234
1044
1045
296
136
721
1051
2041
908
6
10
3119
819
910
1476
554
114
245
2157
352
1163
1240
89
6
186
420
741
244
3796
16
66
905
483
608
153
1157
309
166
429
596
941
19
3256
439
124
1449
53
512
1661
56
1228
413
515
966
1095
110
919
1762
947
371
1667
1754
177
318
1202
80
439
640
269
47
794
1077
79
205
408
3098
3596
1159
215
2181
642
889
714
577
80
2788
52
650
603
161
411
294
2037
1897
730
2875
1290
663
447
703
142
206
433
402
1068
234
289
1578
522
435
587
149
314
544
1757
606
1888
68
1060
727
1307
614
153
1397
959
447
143
2169
283
605
2877
315
939
1172
538
2599
1689
67
209
46
695
255
327
20
887
838
1045
159
1368
781
1045
45
383
833
923
1620
699
216
717
2522
1375
1827
181
1598
635
154
25
51
634
1173
2635
514
730
1834
576
912
44
1014
287
136
1662
235
603
545
934
264
29
2224
759
1580
1052
252
2293
394
1175
39
434
97
789
602
1291
1025
1202
26
656
186
370
205
14
557
1286
1523
1992
2263
650
243
1030
111
78
490
36
1051
606
2727
1081
396
244
2435
541
239
967
569
750
917
648
2023
238
1257
636
41
259
494
147
407
234
731
709
245
209
806
167
1408
217
882
437
312
2181
142
81
958
1554
282
136
393
1989
67
350
813
223
2436
397
1679
356
397
147
108
2121
4749
259
345
1533
687
1720
16
955
614
305
523
917
1172
96
644
791
562
293
37
102
1708
510
1237
957
2883
980
868
1155
1089
360
214
102
169
530
360
875
70
932
1166
650
960
5
1223
1182
861
411
567
981
26
1156
7
1334
2540
981
427
266
2798
787
1198
34
853
359
250
604
227
2258
4195
611
1845
1043
173
867
317
26
1942
319
872
2030
1763
212
945
537
419
145
1400
288
197
744
1261
1084
3665
240
39
186
3249
99
280
715
132
327
312
346
1562
39
203
436
350
1337
282
184
252
1107
341
84
233
858
1051
292
103
1622
2674
1990
151
1743
1102
324
541
864
795
139
267
1258
1409
242
373
381
236
901
1256
2627
1158
1732
132
514
1994
510
2825
694
23
1598
289
321
2589
330
1261
236
115
357
83
2149
71
140
905
451
1310
265
592
1359
896
283
19
259
103
996
2486
10
820
108
987
30
752
945
235
561
105
3743
482
257
274
545
659
1687
7
69
2121
398
14
45
2
1171
911
49
630
1241
2221
643
395
4284
1680
678
1475
1299
65
60
426
210
207
1260
1035
2273
1149
382
1403
78
392
192
91
348
59
511
519
67
562
207
715
685
329
956
157
737
81
2262
364
165
920
1634
1583
255
97
1623
335
40
91
4983
1037
1466
765
1697
2796
859
1139
955
62
2945
1108
1321
15
1879
656
8
251
836
1522
315
1457
449
111
797
1089
111
1334
236
33
81
3607
1766
3053
1934
202
1267
442
1349
1396
1582
113
334
93
257
53
1578
1959
207
481
159
1556
1571
1081
394
486
2496
1580
51
1092
47
1371
547
168
216
1311
35
818
1224
1020
834
1282
235
1209
89
225
3151
1447
1028
16
1863
1323
856
955
408
737
205
460
63
1701
1016
989
1332
371
293
582
1228
1579
29
39
1223
7
1574
1882
339
154
32
1913
208
188
610
254
651
200
403
103
200
1272
250
913
516
1097
107
800
297
429
633
1038
146
1423
497
46
1388
90
1762
1085
1246
176
1910
2572
626
1724
1086
82
592
367
595
820
366
370
2338
71
752
2244
2414
75
596
261
394
490
805
252
1393
1121
1339
768
401
1858
209
362
626
917
754
161
499
613
1927
1388
568
1859
79
264
1101
707
2708
24
130
1125
1008
325
84
1104
202
1332
1968
520
240
533
502
919
2076
237
290
2137
429
886
57
704
440
615
47
1426
276
265
667
727
635
724
1261
176
100
72
1658
2126
297
188
648
615
1017
385
784
246
1100
310
894
948
1566
634
528
1435
344
416
61
752
2420
629
917
1098
72
29
395
448
22
1815
673
216
314
557
202
429
1291
333
1002
3037
68
530
129
169
756
163
88
184
109
368
586
115
200
284
2363
358
214
199
2510
1732
174
1682
634
420
2212
583
3968
298
823
230
1124
467
233
1732
6951
2348
58
709
509
258
1993
334
2569
2020
60
287
646
1736
666
257
2265
914
345
636
557
295
346
52
387
3589
681
1687
238
491
2017
95
842
455
1077
50
121
165
161
4519
594
626
680
744
1240
63
701
673
644
185
131
87
775
421
3
874
335
80
776
27
264
280
1803
379
400
914
542
1491
227
925
969
1034
2052
336
5
920
1253
1104
156
1682
5251
650
57
302
1109
380
269
654
989
199
47
51
921
1641
836
1815
836
781
1546
3309
903
35
1647
585
199
1818
305
40
1110
140
223
318
212
41
2150
257
9
168
299
2622
377
127
388
1970
217
795
324
230
304
1568
422
152
1351
1035
1043
582
640
360
281
324
901
847
260
136
652
1295
724
861
581
5206
675
113
338
361
166
423
51
948
109
842
896
1621
238
671
450
257
1174
1182
287
130
52
344
469
321
213
1100
121
570
2953
1295
117
2470
218
184
663
1368
785
466
560
724
99
2068
795
66
325
309
250
519
290
1504
172
1942
1586
1599
760
322
14
616
308
364
993
1723
531
365
1178
1110
552
418
173
49
6
597
111
134
1727
927
3001
991
352
373
941
88
320
66
336
1244
99
404
405
93
748
99
59
1137
1098
523
278
604
75
1896
679
733
678
54
2622
994
1098
91
68
36
3098
396
51
689
890
760
1231
605
34
670
256
14
694
1421
1107
578
805
436
168
8
1767
71
645
505
665
491
657
317
356
1884
814
1550
95
516
202
1046
1011
139
1255
521
768
3218
1221
94
1186
2252
836
740
1388
777
279
68
633
1644
948
332
161
154
413
241
99
185
166
278
217
140
783
384
637
1033
181
350
19
846
1451
433
456
639
830
714
62
1810
17
1131
31
141
296
664
618
206
110
9
1007
445
1935
109
972
1298
1279
771
296
2367
237
1657
371
147
56
872
306
825
3832
2346
1387
744
24
414
301
566
673
352
693
1233
565
905
2262
139
936
1518
1951
1062
1585
317
1032
99
621
1225
55
1353
2145
1041
199
91
175
159
1341
253
146
140
37
1526
1009
78
386
12
34
209
807
701
39
1181
719
3150
513
868
1342
680
195
384
149
1556
626
876
414
520
1043
429
726
317
799
143
80
874
112
939
1528
1789
18
355
562
667
420
56
2520
194
838
1555
397
655
1252
213
986
412
168
198
2512
784
562
102
75
547
2439
224
876
222
3703
1085
243
213
695
177
1498
160
984
918
1091
783
508
1602
565
1657
1167
2154
804
362
64
296
2792
4284
593
379
284
85
2042
829
2368
2663
98
1487
803
486
424
305
1444
664
266
604
806
9
766
946
576
696
328
37
103
28
1219
392
201
1158
306
930
534
678
658
516
650
620
1235
23
561
358
886
1528
306
514
626
198
488
982
182
771
669
613
61
463
50
316
784
284
572
1247
479
241
248
2125
201
1736
78
464
882
107
2017
373
257
2000
392
781
561
184
1389
