59
205
39
14
138
244
116
90
21
44
38
41
67
17
49
170
130
44
138
6
147
166
40
72
37
35
13
72
29
32
33
58
96
77
157
52
63
11
26
52
129
117
114
13
91
8
33
181
296
139
85
202
10
98
64
57
151
37
22
21
54
34
92
4
2
151
67
101
221
21
25
28
76
13
37
62
56
62
11
46
12
49
88
37
150
60
56
60
13
52
34
64
26
7
177
82
63
18
62
47
21
67
41
6
265
55
119
132
36
3
257
67
20
331
32
4
45
24
46
51
248
85
128
101
33
144
62
46
19
25
45
33
6
33
45
235
35
36
59
18
630
143
67
127
12
285
60
7
166
367
26
3
72
93
71
23
93
99
115
3
26
99
315
60
243
4
144
11
64
60
21
50
12
28
31
16
62
104
129
138
127
20
103
4
151
104
6
178
65
35
55
61
159
284
218
98
11
31
207
42
62
465
3
21
22
106
143
17
101
97
121
50
150
18
229
95
27
38
40
81
22
112
45
74
30
29
15
144
88
98
14
47
28
10
123
61
115
40
195
204
57
45
667
283
136
13
111
16
96
45
144
171
64
64
177
23
4
38
335
31
71
126
4
23
40
27
105
41
6
19
224
11
41
68
37
136
213
125
116
65
113
107
151
59
63
323
37
47
96
52
47
8
3
209
8
57
112
43
39
37
81
42
50
88
113
15
68
21
89
95
23
3
30
10
67
84
553
65
48
296
68
312
29
25
124
74
41
35
242
42
140
169
81
68
72
54
29
142
57
124
55
326
180
72
8
86
273
16
42
51
78
51
273
110
523
7
14
4
80
127
28
37
35
59
10
14
184
67
34
185
49
146
35
47
32
50
2
30
94
2
82
184
124
92
47
28
120
359
188
22
4
68
41
82
16
50
4
33
105
163
43
4
279
126
48
42
67
29
16
507
13
201
115
42
34
64
32
37
101
49
42
19
6
75
30
62
236
63
119
71
211
137
70
8
11
93
31
56
25
55
59
74
151
5
13
264
238
4
100
93
90
34
5
55
19
20
17
329
236
181
79
13
34
122
14
2
39
10
197
11
54
146
289
37
131
6
11
3
55
16
87
7
36
41
65
63
41
156
40
161
73
154
223
58
101
166
94
26
53
54
150
79
170
26
6
221
120
60
193
234
165
51
104
43
8
283
91
3
31
56
45
23
26
5
38
13
155
68
44
77
52
69
54
206
18
32
40
4
92
13
29
17
96
128
75
23
130
25
42
19
173
44
149
2
31
57
338
13
160
74
93
7
76
126
75
3
120
60
76
13
167
39
63
6
12
64
44
170
26
307
88
93
153
22
53
44
11
13
12
149
47
136
14
28
22
29
9
3
10
10
517
21
48
144
8
18
21
33
21
111
37
12
6
57
121
32
15
139
101
173
114
24
250
267
49
46
55
90
70
50
33
150
18
177
26
37
145
131
71
57
73
77
72
35
44
24
227
47
77
267
223
8
22
122
24
93
181
52
140
52
35
186
93
44
3
48
159
21
394
56
57
36
53
23
32
70
57
149
123
74
45
114
392
23
11
126
140
11
15
4
29
105
88
22
169
4
19
125
103
30
34
22
15
156
159
168
301
179
134
13
10
165
32
232
94
21
23
19
9
78
95
4
9
223
45
28
106
245
56
77
23
125
30
160
66
125
272
16
65
11
125
103
73
39
70
10
187
40
36
20
241
78
60
34
16
12
88
55
38
36
20
7
25
14
11
28
91
8
53
212
60
230
6
18
11
249
153
12
116
173
59
41
47
12
49
20
5
165
411
32
65
62
60
60
40
103
56
107
49
2
24
142
94
73
12
74
100
27
14
432
4
17
20
66
130
75
46
110
12
63
65
73
8
19
140
7
25
4
134
41
11
24
8
15
45
14
18
50
128
65
86
204
9
34
6
19
24
243
62
17
222
74
24
124
129
9
13
224
5
84
29
99
77
47
14
24
121
13
222
32
284
68
157
123
45
16
62
53
54
225
176
228
63
144
81
62
73
99
10
272
47
22
54
52
74
3
79
169
9
95
2
53
22
66
36
20
86
95
217
18
13
11
6
27
5
20
111
47
135
30
3
198
20
111
53
55
46
19
32
159
20
282
9
98
12
19
178
21
102
42
40
98
11
270
9
645
26
325
165
14
165
45
194
11
3
133
8
175
186
145
52
15
56
69
55
86
272
12
416
51
68
303
229
215
13
2
209
5
41
36
24
43
85
108
18
67
171
56
58
44
94
350
25
78
11
11
4
9
3
7
197
11
19
56
33
71
103
7
31
23
58
3
50
12
36
65
21
4
28
18
14
139
64
153
5
118
4
20
22
22
120
55
160
285
12
288
80
73
34
9
44
16
94
91
10
23
98
92
193
288
132
27
139
9
204
144
43
56
14
11
62
39
156
24
261
82
60
39
60
483
184
3
120
119
49
197
39
183
37
176
67
37
8
26
27
17
13
110
11
131
223
181
28
22
11
23
21
114
128
57
72
42
144
63
11
15
87
15
72
313
46
161
114
50
137
34
82
179
47
88
140
183
10
5
26
2
66
132
54
68
70
119
57
53
14
140
179
70
7
67
203
135
3
46
25
32
25
47
44
13
3
44
170
273
6
32
4
73
24
96
51
44
67
98
3
29
32
21
250
75
34
7
178
59
67
64
14
10
154
83
417
19
46
327
38
214
25
60
95
162
7
46
88
26
14
22
264
294
171
24
120
102
2
33
106
14
33
94
261
211
14
132
107
21
28
5
13
145
51
15
4
101
165
63
18
89
48
219
92
231
44
7
12
239
31
74
24
71
36
44
65
34
95
401
166
21
148
12
408
90
128
179
23
2
162
2
102
63
49
170
20
2
181
9
87
9
98
17
183
6
73
29
49
62
35
54
52
121
156
137
254
178
44
197
176
27
2
157
58
28
257
245
199
244
202
108
73
114
11
20
44
91
226
228
168
31
69
75
157
84
120
51
84
30
14
110
18
23
23
71
66
293
13
128
145
153
54
10
68
34
32
31
51
271
52
18
85
2
104
86
101
79
10
208
76
27
136
4
54
252
22
29
182
50
183
354
44
63
108
31
201
5
23
61
106
39
12
23
95
3
43
53
135
22
93
10
21
42
35
35
60
23
70
68
13
15
53
60
8
19
189
36
73
40
107
208
5
33
14
21
2
119
58
33
2
192
23
162
9
80
40
198
168
69
33
142
10
167
76
42
24
56
27
84
32
24
145
213
47
14
159
31
48
30
24
217
95
162
151
28
60
40
33
14
4
48
159
21
54
25
177
152
44
46
305
83
80
26
204
69
13
62
309
102
61
5
57
78
144
20
16
19
21
64
41
12
38
104
196
69
47
191
37
226
22
27
169
80
208
4
36
8
18
163
71
27
148
11
45
25
23
45
114
13
52
168
153
31
95
11
133
140
174
15
55
57
13
5
58
32
13
22
211
103
58
23
58
2
34
87
83
111
26
29
13
4
261
126
40
5
226
250
106
16
30
11
307
32
305
194
85
5
54
37
26
20
38
122
39
10
23
153
242
7
218
6
102
61
4
23
156
4
60
139
95
18
83
107
136
117
93
226
13
235
13
306
63
361
27
65
545
129
13
152
245
305
77
17
351
232
7
5
66
4
54
8
189
60
180
115
184
176
6
8
35
123
11
13
68
164
64
47
141
30
5
12
84
253
248
84
10
119
13
15
17
15
54
213
62
42
43
85
73
20
3
20
16
142
6
41
46
216
9
68
2
125
8
136
59
51
18
130
82
35
54
27
60
61
116
364
2
75
53
136
37
11
39
8
26
30
66
19
202
4
111
5
129
190
149
187
71
120
58
55
192
23
197
357
165
125
38
170
98
68
69
14
109
72
32
59
123
147
42
114
148
9
13
7
14
112
33
100
53
13
33
33
91
85
85
27
59
8
113
145
14
40
3
52
30
4
36
138
27
55
22
123
17
13
127
63
35
31
38
71
53
126
18
86
110
14
153
71
54
118
36
43
130
66
17
39
96
10
32
40
7
186
146
101
164
167
52
45
37
78
2
91
26
22
181
71
63
214
39
288
16
20
24
7
36
16
356
59
5
231
19
123
318
72
7
155
19
26
14
180
85
248
5
52
57
80
23
75
75
50
34
128
40
219
320
6
29
19
8
2
3
103
27
73
54
54
26
76
138
70
33
83
25
63
64
101
138
125
182
112
134
81
134
64
20
54
111
42
14
88
345
6
40
69
208
103
337
330
49
28
14
73
346
57
29
156
16
13
22
191
108
59
25
176
202
23
7
53
58
12
9
3
32
23
101
64
66
32
288
16
67
51
22
76
20
72
213
184
19
120
135
88
169
19
213
204
75
48
118
267
174
104
10
66
41
2
83
20
2
44
10
229
17
32
105
154
10
65
57
12
85
77
71
121
51
128
215
43
227
82
109
257
15
110
182
128
109
11
34
108
135
4
181
120
6
69
112
173
95
112
173
5
41
132
149
105
117
38
138
123
26
68
108
8
78
42
47
58
77
50
138
7
288
71
46
16
72
24
302
127
66
118
5
105
98
210
140
11
56
130
202
35
27
134
22
42
182
245
44
51
165
246
344
9
79
36
48
14
261
69
23
12
37
110
425
119
86
83
158
13
95
328
7
24
23
5
107
5
49
338
6
222
36
73
291
36
32
136
67
73
38
201
336
32
179
16
215
77
20
7
33
138
20
23
47
11
59
39
145
194
61
97
60
51
140
63
49
4
8
71
9
117
280
265
64
29
86
12
181
157
47
30
13
35
41
369
27
49
42
200
4
2
39
19
235
52
23
225
32
100
68
23
80
148
76
41
94
88
306
36
100
49
10
120
109
47
146
14
154
30
54
30
13
39
157
74
5
192
85
28
160
178
44
67
69
47
265
27
96
106
73
103
79
222
300
129
54
28
48
93
339
45
53
29
75
7
4
146
27
170
54
21
130
35
337
128
219
14
17
30
120
80
30
169
53
68
26
89
29
33
41
25
105
46
17
49
38
91
12
168
66
89
78
120
11
66
29
128
50
109
42
98
2
37
146
53
8
158
28
82
287
45
43
133
6
96
88
178
8
44
128
11
38
34
151
348
22
55
33
8
90
115
30
92
25
38
55
194
19
137
104
9
23
43
218
94
19
85
151
97
124
11
65
43
24
205
160
202
11
61
455
39
157
9
189
46
118
79
219
73
106
381
55
148
3
28
31
126
15
17
89
24
27
43
109
75
64
191
12
86
89
172
61
68
32
7
110
112
2
5
26
51
77
23
38
143
2
85
72
121
7
68
2
185
3
25
33
42
23
22
173
27
214
81
7
56
15
50
73
6
46
98
40
177
143
91
75
93
29
311
255
231
55
69
65
133
26
13
6
70
81
78
13
200
148
89
97
82
3
17
36
27
30
26
392
41
73
16
40
108
23
144
155
159
73
11
25
38
20
21
117
88
60
41
280
52
60
37
37
12
51
12
17
159
116
28
19
41
135
34
111
76
47
125
9
178
149
64
22
93
21
7
33
125
58
10
78
302
76
105
54
66
23
8
21
56
126
59
24
7
65
140
101
29
2
156
45
36
108
7
133
88
71
78
31
2
225
28
16
44
99
145
36
18
180
206
21
134
12
138
5
120
137
87
125
100
209
75
12
41
137
219
45
15
76
79
70
12
5
208
145
89
37
115
19
147
178
72
31
147
147
142
40
71
90
28
68
115
176
129
59
57
26
25
27
33
26
181
149
260
104
226
145
20
8
30
24
37
126
129
39
409
52
89
10
19
87
61
36
71
54
171
17
32
75
3
15
308
179
209
45
2
107
42
467
18
37
69
96
149
146
108
682
40
10
176
14
53
213
6
49
28
121
123
2
44
38
26
68
55
20
6
38
48
145
253
19
17
32
75
19
390
82
74
249
53
75
229
165
21
270
326
100
171
42
110
38
81
43
84
25
99
140
22
38
50
49
224
9
6
9
159
13
177
36
57
232
46
181
62
62
2
21
142
22
8
91
70
6
12
15
45
102
109
56
233
40
35
326
8
52
52
15
22
16
14
26
167
63
102
102
40
18
34
32
17
221
65
163
2
144
41
42
175
95
65
84
63
284
186
29
64
164
312
31
63
43
161
22
208
39
81
142
4
54
5
784
13
55
12
69
3
114
47
201
103
9
128
61
215
126
99
272
86
19
85
285
270
79
9
7
66
145
12
66
38
167
16
19
5
41
16
38
107
5
68
85
22
174
22
23
79
22
134
78
5
254
244
15
294
58
145
5
10
123
71
218
34
78
81
14
144
111
283
62
40
140
8
47
101
92
4
40
23
35
124
19
271
129
283
46
281
234
31
63
23
47
20
127
121
96
105
6
59
44
69
103
47
20
57
137
201
83
56
38
8
197
20
31
19
108
128
58
120
64
62
93
90
11
257
123
22
19
28
61
123
126
68
198
108
81
75
38
21
46
44
67
53
20
95
44
47
122
43
59
41
74
18
34
57
235
8
15
117
42
65
78
46
69
209
93
179
43
99
61
6
93
40
3
68
58
73
71
71
126
177
71
41
93
49
120
52
89
21
9
28
125
75
128
74
379
55
24
97
12
7
18
25
67
58
88
10
482
23
119
44
2
56
229
3
12
79
253
235
18
85
21
15
16
253
51
93
10
46
28
134
127
108
23
11
13
286
77
69
98
11
181
306
22
4
44
72
32
8
24
33
40
2
272
30
2
61
12
17
266
11
31
57
20
291
312
37
33
16
49
27
6
25
8
28
25
36
22
175
413
121
363
42
3
23
91
127
51
13
6
106
8
3
71
19
208
99
330
75
6
10
95
23
6
23
115
87
6
10
44
85
114
158
87
55
99
13
94
20
13
3
22
94
19
98
273
34
11
19
27
60
127
70
42
131
89
10
157
62
15
6
46
47
55
65
59
76
33
49
256
34
166
10
139
121
204
88
93
56
306
14
86
122
103
78
176
138
77
33
80
75
10
40
64
73
18
109
53
9
132
159
11
147
231
236
26
178
36
52
58
108
134
94
4
82
20
2
90
106
23
37
62
107
147
72
13
143
3
121
3
13
182
13
26
159
55
451
149
24
152
165
235
157
13
56
75
24
77
268
100
51
10
30
75
63
17
70
82
16
100
76
63
5
56
103
65
106
153
30
211
20
145
10
125
106
22
21
88
39
151
58
18
80
30
98
202
13
35
176
119
15
87
19
24
45
19
5
74
50
105
210
61
40
30
25
172
5
12
9
2
19
267
14
11
99
67
89
4
540
397
89
35
2
87
246
64
17
104
46
285
28
65
47
34
2
56
111
397
159
5
233
60
77
98
57
242
196
14
95
58
84
98
20
41
245
93
124
75
60
33
46
70
58
88
168
135
59
108
40
99
126
81
150
3
5
183
62
41
6
6
95
93
4
204
67
41
48
36
163
2
6
109
42
58
82
170
171
15
76
245
17
17
200
31
421
39
98
37
62
36
93
78
151
107
69
166
22
67
7
95
28
14
20
124
28
441
23
96
6
44
140
53
18
58
8
69
12
159
79
58
36
20
101
52
12
51
31
5
13
9
58
76
34
21
178
160
7
48
56
42
96
65
296
18
3
193
97
94
58
26
22
182
40
20
52
102
23
33
55
20
33
212
2
145
52
16
78
58
79
20
37
67
16
18
2
49
19
226
9
16
96
51
57
128
165
9
65
32
32
4
67
28
3
11
58
132
42
95
53
216
23
23
11
208
3
76
17
102
18
51
104
110
21
99
228
73
2
58
130
65
19
32
122
57
158
5
61
201
32
11
55
203
357
7
16
73
103
7
16
25
42
24
17
275
156
56
82
63
28
98
37
108
19
107
160
12
580
35
141
43
3
68
96
346
161
34
40
10
9
38
2
60
33
9
113
66
3
13
88
149
193
188
114
9
36
19
37
35
11
32
24
27
81
217
38
25
34
291
51
59
119
103
84
217
26
216
20
77
14
20
96
287
17
188
54
63
315
20
110
27
53
9
16
6
144
271
130
23
5
65
107
150
34
252
137
17
179
30
139
42
22
178
76
103
10
91
140
175
25
5
58
38
19
118
49
394
38
211
14
40
37
13
107
307
55
46
201
48
15
196
19
40
25
10
66
112
25
61
55
151
51
87
110
90
7
28
84
41
101
77
129
36
86
329
35
156
87
25
29
27
17
90
159
70
69
29
45
208
66
21
21
212
161
195
26
217
8
11
113
243
12
20
298
84
131
13
384
205
107
213
38
38
60
5
106
3
54
32
20
7
128
49
125
171
22
262
73
125
24
5
74
76
13
11
33
11
37
166
67
29
20
21
45
71
53
78
15
351
49
109
186
38
155
27
137
108
4
72
4
75
75
3
77
48
73
5
55
82
140
35
60
101
7
178
10
63
9
11
2
90
45
103
258
169
21
27
4
39
113
36
122
222
44
118
130
32
228
24
83
121
227
48
54
215
35
30
202
163
31
38
47
7
68
13
115
49
15
44
56
107
87
117
21
92
43
343
7
3
4
38
24
13
17
74
113
122
43
89
55
110
141
37
10
54
89
23
59
6
71
142
55
46
43
148
162
160
39
50
115
52
81
19
5
90
12
30
57
9
216
394
47
43
126
47
47
248
97
200
3
31
156
135
112
24
58
287
65
54
118
14
101
131
81
108
87
23
5
204
77
66
143
109
90
69
325
75
4
6
124
11
31
212
89
25
13
30
2
150
146
16
8
320
54
137
48
58
21
33
248
57
16
91
20
125
62
93
29
287
217
12
162
162
58
25
50
42
84
42
102
9
171
46
31
5
178
93
102
15
144
3
13
136
112
3
43
21
215
86
302
126
16
172
113
245
16
158
12
55
2
40
19
35
109
286
16
93
19
291
58
28
16
16
51
97
82
234
9
23
71
16
19
15
220
87
117
5
115
5
31
155
17
119
4
42
139
15
122
37
191
192
152
97
25
75
56
29
106
4
62
168
246
125
17
28
116
139
391
9
4
54
58
80
247
25
271
184
68
179
173
63
46
4
124
2
223
185
48
30
29
26
310
113
182
3
89
22
139
84
72
74
32
108
109
28
213
12
28
25
51
61
262
155
66
67
51
12
365
14
75
4
32
163
34
37
53
190
36
39
14
225
42
100
22
57
13
37
21
6
89
52
199
158
132
61
58
78
93
119
11
80
396
11
64
131
43
150
19
41
44
17
22
148
83
178
116
67
52
66
160
58
6
103
30
70
227
10
107
110
79
172
51
7
9
37
8
455
111
68
24
22
376
31
3
60
11
373
384
72
45
26
24
22
19
10
7
56
217
130
14
23
322
94
392
100
66
11
49
48
111
33
133
270
117
8
38
26
67
43
148
44
61
74
23
55
87
231
190
24
137
111
6
23
33
76
175
120
3
181
164
102
16
184
47
106
92
119
79
184
21
335
20
26
65
30
111
43
39
16
216
11
63
8
2
74
108
28
34
50
25
13
204
199
5
15
2
66
50
11
2
190
28
28
331
29
45
128
35
16
35
74
299
87
101
35
31
101
354
39
61
42
45
6
74
213
59
3
11
132
101
139
36
61
71
188
24
79
39
78
177
45
122
123
16
2
151
158
41
8
45
8
19
84
48
137
106
273
73
32
2
43
157
7
16
11
5
8
87
56
24
17
81
64
206
174
267
31
42
27
38
23
35
38
252
34
112
253
82
193
467
43
69
11
192
7
42
445
18
15
34
7
81
75
32
55
59
11
97
2
4
50
143
67
5
109
54
139
24
42
92
55
106
26
24
33
199
109
13
504
234
35
160
36
2
11
158
18
7
49
22
56
95
74
2
101
8
14
29
152
2
38
42
22
278
85
82
25
18
8
88
109
45
310
28
93
63
76
177
91
87
57
203
160
9
202
97
195
172
14
88
16
2
127
31
37
69
12
94
57
79
77
6
157
32
27
141
61
32
243
17
148
86
5
46
8
201
11
40
18
48
34
33
101
12
83
54
5
69
12
170
241
56
69
126
140
25
39
92
86
94
178
67
3
91
236
30
30
43
16
33
85
267
22
143
16
8
59
76
73
70
39
130
18
11
35
12
9
13
82
137
52
36
84
8
64
40
32
75
10
47
209
70
43
11
123
2
189
13
25
400
2
337
276
118
103
6
182
61
61
38
65
172
208
39
4
147
139
57
44
67
87
331
83
42
128
26
41
139
59
5
186
79
107
99
24
44
12
260
385
25
156
34
147
219
11
81
227
104
54
20
116
12
23
55
29
28
51
16
230
14
69
21
347
53
117
19
56
126
38
12
54
97
110
163
177
190
117
59
103
17
50
55
86
14
5
45
3
46
37
166
6
81
268
107
99
202
106
33
60
116
144
77
23
12
58
239
23
297
154
91
119
17
10
158
128
70
225
75
11
20
114
7
270
90
9
13
72
151
265
3
131
18
122
218
99
28
13
69
3
212
16
71
124
162
54
136
19
212
66
185
32
243
88
118
63
79
76
33
149
104
43
32
24
133
3
221
120
45
204
127
152
38
42
49
189
21
76
172
65
99
156
17
75
19
180
8
332
4
43
81
50
19
47
96
154
113
230
80
2
92
32
61
218
48
11
124
126
60
81
75
75
178
37
115
2
11
41
165
5
243
230
2
165
115
8
139
92
103
101
105
40
90
25
7
69
73
66
184
119
89
52
39
176
20
111
38
79
27
10
49
200
12
82
83
22
91
59
48
46
23
49
27
80
229
83
154
32
8
11
53
52
44
10
134
45
321
28
151
131
2
48
14
3
101
34
147
16
96
60
25
75
95
14
36
18
56
219
280
17
29
207
125
28
20
74
162
3
37
26
23
105
81
59
75
39
45
189
124
21
126
65
78
19
67
77
187
76
133
167
60
72
15
4
59
195
5
14
126
52
199
109
132
63
5
7
29
30
22
293
16
82
231
47
38
27
101
26
184
31
13
310
43
82
129
63
190
6
16
173
65
86
53
13
106
98
37
38
11
47
16
310
200
267
11
161
168
30
5
142
179
49
64
133
25
35
172
19
107
10
50
8
6
2
14
275
49
100
154
19
76
35
82
117
135
8
94
34
32
118
6
13
154
4
52
192
35
76
150
12
62
47
184
337
81
14
42
59
6
12
52
58
81
36
38
386
19
59
108
2
111
53
98
228
26
14
152
51
61
25
2
104
136
55
25
349
145
112
40
90
30
10
46
244
32
27
199
72
93
78
49
56
73
292
3
70
12
39
112
26
71
21
45
309
90
108
123
23
154
134
100
49
81
175
32
37
99
57
74
40
164
155
148
79
11
3
33
127
45
46
133
85
70
129
2
67
23
310
83
96
100
132
43
138
17
199
31
227
114
16
12
48
5
11
396
173
46
71
48
66
3
106
11
12
35
77
7
19
407
255
20
42
83
16
75
77
28
19
9
12
231
57
44
99
141
83
6
10
78
42
97
102
66
5
7
48
26
125
94
51
25
28
105
62
64
141
236
89
172
60
78
159
62
127
109
10
83
60
168
76
34
205
125
15
158
6
169
52
49
32
11
249
38
14
64
467
178
43
45
138
81
33
89
64
125
103
67
77
19
55
75
14
89
17
33
51
112
201
175
339
78
4
18
149
148
162
25
88
157
12
8
92
60
20
12
54
39
17
265
13
25
240
53
57
52
45
98
43
41
53
2
15
26
93
45
29
340
32
110
34
10
23
5
72
9
76
6
67
42
174
44
79
145
43
37
56
379
47
85
330
160
59
84
8
17
19
35
290
209
21
21
65
132
18
25
93
115
8
44
6
118
44
3
38
29
44
73
188
156
191
24
14
44
102
147
6
46
199
109
121
10
36
76
46
52
38
24
17
85
3
102
20
21
123
30
62
51
154
9
146
195
37
190
37
39
207
108
206
54
4
53
290
10
23
53
51
255
223
30
124
66
167
27
164
10
74
12
165
26
8
268
253
51
9
45
27
59
101
2
29
8
24
23
28
30
22
4
60
15
63
140
203
72
52
103
87
94
20
50
32
131
435
64
110
431
4
98
169
32
135
7
69
28
43
83
9
91
52
29
33
51
126
34
265
46
193
25
420
85
93
76
132
102
21
60
2
50
78
22
58
80
34
91
93
51
20
4
200
52
22
35
65
6
83
199
6
73
5
34
312
121
140
38
315
30
81
3
213
5
13
37
85
125
3
49
9
14
50
167
57
166
19
115
60
13
36
88
34
5
131
94
94
45
71
6
2
7
160
28
27
17
56
161
45
374
19
26
79
14
153
12
51
8
56
92
53
27
25
54
96
100
235
5
417
53
10
195
38
523
19
8
15
11
35
12
47
151
31
23
35
2
38
79
19
157
38
66
42
40
9
28
15
27
269
88
59
41
238
335
102
27
89
107
48
178
20
68
4
69
21
76
32
68
6
54
258
97
43
128
87
102
135
56
51
2
167
9
10
75
91
70
30
162
85
104
159
124
47
191
45
17
176
20
33
4
86
176
2
9
2
29
333
78
47
102
88
49
35
23
80
26
52
93
133
74
69
37
119
11
65
168
129
39
22
80
22
170
128
16
61
164
60
46
117
171
79
40
17
63
58
5
105
166
4
2
22
216
114
99
86
153
172
138
45
86
36
18
312
40
51
3
10
10
73
9
39
3
131
8
171
46
140
21
60
23
145
81
24
123
30
47
3
36
162
151
8
3
12
3
40
55
24
81
126
371
75
156
18
18
8
4
31
22
13
44
56
28
49
49
41
179
13
96
147
18
110
144
185
44
158
293
27
754
194
88
105
62
21
64
20
85
79
49
6
119
27
39
137
56
193
119
64
27
134
34
87
32
137
14
89
73
22
166
154
92
76
33
7
97
366
80
51
73
196
47
47
115
85
117
259
45
120
303
47
17
43
33
28
87
76
57
104
42
8
103
292
70
99
28
17
52
38
3
140
60
189
24
48
78
6
34
21
13
18
16
17
23
7
271
13
76
63
204
178
20
43
179
54
64
18
132
145
131
32
15
28
20
38
206
18
12
51
9
50
27
186
29
58
116
161
100
265
75
11
9
34
186
109
15
94
109
76
63
66
173
7
155
382
329
10
17
39
34
51
113
155
281
51
75
13
125
73
25
64
48
109
33
14
28
321
149
22
26
177
17
62
59
73
36
77
159
21
43
56
54
96
5
40
127
7
15
438
73
160
14
32
80
11
73
83
24
37
86
109
14
79
18
60
14
183
36
113
30
14
41
34
149
78
12
201
152
67
29
25
132
100
55
402
9
7
116
3
153
75
94
296
50
8
232
7
32
42
31
34
142
8
6
62
3
60
183
203
37
97
107
8
212
8
25
87
19
226
33
31
76
17
17
39
120
29
12
12
32
29
76
91
83
149
52
96
108
5
245
78
5
62
124
23
33
286
49
210
39
65
26
34
161
64
20
111
258
43
140
43
17
16
13
118
166
205
20
79
74
79
43
25
79
58
33
20
58
62
130
227
19
80
89
93
62
64
27
21
108
304
37
159
185
64
41
31
10
4
203
21
109
21
87
149
36
127
44
17
75
156
30
179
208
49
108
164
36
52
12
19
37
157
7
71
25
44
95
195
29
97
3
4
138
96
33
85
195
135
249
220
33
25
142
16
32
24
95
18
30
44
75
48
88
335
21
173
84
5
29
101
208
130
120
8
40
72
82
7
244
48
89
106
137
356
52
38
102
146
4
4
6
35
6
141
42
63
84
155
120
112
111
31
14
40
19
210
166
188
19
172
57
50
98
78
62
3
203
21
80
97
204
49
220
111
59
238
182
94
287
42
43
151
73
39
14
261
44
6
51
86
249
235
86
306
10
327
49
90
22
2
115
31
74
92
508
44
239
34
26
158
168
79
56
21
108
42
31
11
190
141
55
48
3
242
139
206
15
109
28
123
29
96
88
19
78
117
59
130
10
53
93
26
3
184
127
88
66
162
3
18
30
66
82
52
75
347
218
54
116
15
99
99
29
176
76
64
170
32
13
63
15
77
154
73
90
56
62
135
2
176
156
119
68
25
331
6
64
6
100
144
24
55
33
254
118
305
45
53
51
123
6
16
7
455
35
4
25
29
11
106
21
26
91
185
70
238
100
338
147
204
13
33
32
320
247
75
56
116
23
257
3
46
73
120
87
93
135
7
340
19
48
111
169
160
47
29
77
188
145
159
16
5
342
4
45
11
12
15
102
32
175
28
48
127
78
33
112
76
28
91
79
260
161
50
133
99
35
11
11
140
219
223
129
215
400
6
29
24
68
59
61
12
255
5
5
80
6
90
17
109
111
178
64
238
226
22
11
74
68
103
14
20
104
132
30
18
3
18
11
252
106
71
82
14
48
40
78
108
30
28
69
460
41
37
27
16
176
5
21
77
106
2
116
45
23
105
166
52
110
177
66
38
190
110
161
118
57
112
20
45
120
167
3
74
52
185
17
91
141
28
197
21
48
185
28
60
197
59
7
86
34
127
225
40
20
51
161
113
24
345
17
50
22
9
87
116
18
7
24
14
173
90
48
192
110
18
58
60
144
44
70
128
144
204
26
50
109
54
46
106
4
40
26
17
322
10
66
70
42
28
37
107
224
131
116
208
113
126
25
92
92
69
6
196
68
115
194
35
40
75
17
85
10
92
132
57
10
67
69
5
77
155
175
61
140
34
66
34
58
123
18
57
10
20
58
171
90
26
218
158
245
28
49
163
81
59
70
33
331
13
136
44
53
208
43
27
3
17
63
45
96
159
119
113
22
138
45
36
78
19
56
15
28
23
45
9
57
136
39
130
248
49
30
27
99
65
260
65
79
40
101
24
121
309
265
138
75
297
9
80
167
8
102
221
63
98
241
26
71
82
231
89
179
22
6
87
23
37
78
197
89
53
320
105
36
503
7
99
19
17
35
12
133
39
7
117
25
22
148
96
125
21
60
224
2
28
259
89
30
79
67
144
5
151
45
187
12
50
68
31
29
53
166
147
17
21
23
29
50
173
11
5
10
328
28
235
21
25
32
2
123
97
103
58
18
116
29
97
127
76
53
189
30
124
15
124
51
115
58
298
84
35
98
268
3
111
41
43
61
14
43
143
15
20
14
37
50
17
81
16
144
173
66
466
22
65
11
216
110
44
69
7
139
2
13
38
82
97
120
70
54
182
177
8
55
58
132
321
41
3
117
188
12
222
6
50
37
21
29
73
39
51
4
234
22
371
30
90
8
14
27
67
37
18
3
120
58
204
62
215
248
109
30
55
222
32
372
73
16
44
119
21
388
11
85
39
150
33
115
80
154
118
78
54
3
7
22
221
13
124
54
18
58
4
13
46
181
221
157
51
18
216
49
41
15
198
49
472
100
175
52
85
90
67
17
37
28
145
14
59
266
44
72
153
51
2
19
213
58
74
12
122
75
25
143
43
163
64
162
27
233
387
10
87
30
53
77
30
27
7
42
132
123
83
46
20
84
17
120
80
199
30
175
73
53
2
156
28
319
12
342
430
195
389
19
26
17
51
138
198
26
161
25
74
15
8
54
5
138
169
31
85
42
25
209
83
26
46
96
21
12
91
94
73
124
3
57
19
31
46
39
11
78
153
10
226
81
375
26
229
87
10
161
510
83
20
58
128
138
21
61
170
117
354
39
3
128
423
43
45
130
87
85
34
96
45
54
174
62
85
20
47
122
16
51
16
87
49
19
70
154
5
5
15
56
67
38
20
132
5
8
118
2
88
50
22
22
85
30
27
118
114
18
60
134
175
87
96
48
197
78
23
43
45
100
80
23
63
13
168
18
24
96
57
67
42
101
128
246
34
122
169
231
15
110
89
195
137
37
56
11
13
38
107
23
6
58
165
103
59
68
45
113
70
40
71
40
108
29
2
30
180
20
133
14
45
273
17
14
113
59
231
36
46
370
299
67
52
17
88
5
160
10
25
41
166
165
37
68
117
19
10
33
333
146
216
29
105
14
25
87
173
111
6
76
59
147
408
48
196
209
18
8
43
132
42
24
337
79
16
70
2
43
14
2
17
87
18
75
114
218
6
11
26
81
226
71
54
39
83
597
111
57
32
18
15
206
125
37
66
8
272
17
30
75
29
56
58
11
152
176
15
25
114
37
5
251
77
23
24
66
258
108
51
96
27
81
70
148
41
148
227
15
10
213
18
74
34
91
38
227
134
46
39
195
70
96
303
168
53
11
55
33
12
17
233
127
32
62
118
158
28
127
103
25
8
187
50
9
40
27
151
124
28
138
24
324
69
70
40
58
7
29
53
32
50
105
13
209
49
62
30
23
54
18
17
85
6
29
148
83
198
8
105
78
81
80
50
8
92
145
42
99
260
38
250
250
82
30
26
140
128
42
66
109
29
36
16
213
138
36
110
101
173
45
235
202
43
130
95
121
8
17
27
47
197
187
45
78
180
65
27
53
232
66
110
53
30
300
15
85
78
161
22
66
9
132
14
14
6
269
158
185
52
33
31
139
109
181
89
53
23
365
24
42
160
83
255
69
9
299
51
31
73
116
215
233
17
100
37
121
5
37
19
5
2
25
224
136
48
122
149
145
148
23
54
16
49
113
2
61
15
418
247
21
80
154
19
205
39
16
45
57
115
66
9
126
112
73
5
52
169
31
318
210
130
23
16
149
112
27
125
13
34
164
28
226
63
57
13
163
90
92
81
182
90
131
23
86
189
73
62
68
170
73
67
91
30
35
10
150
236
19
57
64
31
22
27
11
101
167
93
20
76
95
60
34
355
45
80
126
89
101
33
8
187
251
53
106
51
178
27
104
68
16
129
53
20
31
124
54
70
51
75
16
255
140
3
105
45
43
35
84
32
107
49
210
36
232
83
3
7
90
82
55
77
3
6
13
75
130
128
308
10
356
394
35
9
89
75
239
188
31
49
10
106
42
218
99
35
19
90
50
234
128
58
347
15
74
74
178
78
67
150
72
64
35
179
27
9
30
124
151
48
31
33
167
95
210
78
212
16
68
9
8
47
24
470
285
9
233
93
58
166
4
156
20
58
88
238
354
189
128
66
124
52
289
10
41
119
115
25
138
14
42
81
112
5
23
6
58
220
223
24
240
113
305
144
80
33
11
19
10
52
96
107
5
16
164
54
48
7
48
18
242
43
165
14
57
113
11
67
78
38
2
310
97
236
72
50
137
376
262
61
105
128
102
108
14
20
31
50
69
4
14
38
14
37
18
108
63
273
48
125
132
129
73
36
96
144
34
128
220
113
59
37
201
45
258
4
116
151
104
4
9
17
85
29
325
77
62
164
56
28
41
150
15
53
211
9
129
21
34
103
177
28
211
71
92
118
52
307
44
195
63
70
10
140
281
30
147
24
5
37
38
116
56
6
9
21
32
80
12
8
116
10
36
41
22
126
41
12
144
123
22
10
7
109
91
84
50
7
77
3
8
78
40
14
8
77
58
52
18
17
33
4
38
135
59
105
4
60
36
72
119
33
2
40
49
59
74
6
158
17
14
145
185
18
54
307
72
121
7
364
62
110
151
27
186
13
70
219
67
50
68
111
32
147
93
88
8
45
170
46
17
23
126
30
156
81
51
86
400
15
203
5
31
20
48
402
81
178
25
91
9
28
50
39
269
25
7
24
194
117
19
29
96
172
5
10
119
23
9
272
42
210
11
35
49
93
12
12
149
100
113
15
115
464
115
177
30
63
53
43
53
28
25
39
48
18
23
195
67
317
175
2
5
36
23
26
10
488
19
62
96
4
43
4
35
31
114
62
183
6
31
45
96
58
92
54
13
32
10
20
6
106
11
95
125
453
26
24
6
45
126
5
281
140
14
136
66
99
47
236
6
184
233
22
221
164
21
13
38
70
16
68
12
407
27
29
3
33
19
90
13
110
184
32
162
83
159
57
44
43
14
118
77
65
236
119
12
3
18
23
104
161
104
22
90
26
40
79
120
388
56
14
33
74
47
78
9
70
147
19
24
182
48
54
81
43
8
15
170
102
85
208
188
39
81
124
115
10
199
181
78
138
161
36
50
62
192
149
259
33
13
26
118
17
96
26
358
212
52
269
202
66
13
237
135
130
7
87
31
151
81
58
4
341
62
137
130
203
66
62
67
43
74
10
142
134
7
229
32
2
12
2
11
19
149
57
17
151
36
14
147
58
16
189
25
6
82
48
29
109
50
171
2
11
23
73
121
59
231
61
140
33
89
19
25
87
18
163
102
58
60
254
10
98
196
23
29
173
91
79
23
207
77
210
18
34
94
193
34
29
60
112
8
354
24
12
67
241
6
133
129
134
17
30
13
55
32
49
24
73
129
145
65
71
63
10
47
168
12
13
45
51
144
43
26
52
17
160
293
29
116
62
147
112
24
166
257
14
124
58
595
4
42
394
107
157
99
8
346
43
114
151
110
14
119
171
47
218
31
26
221
40
24
218
374
90
88
39
253
359
79
38
8
267
61
729
32
19
43
19
148
45
195
26
8
207
36
194
218
5
63
105
47
8
249
96
3
4
5
14
115
128
56
42
4
131
94
24
9
92
17
70
92
142
129
14
55
178
57
35
55
267
49
104
159
6
26
80
23
173
81
215
341
83
2
22
66
364
83
119
41
61
57
11
40
23
13
13
88
108
53
30
15
276
221
40
52
27
19
172
9
89
182
123
95
137
75
82
53
186
7
11
155
68
36
41
2
13
31
55
120
74
58
49
147
9
144
53
209
221
66
106
61
69
165
24
414
97
135
17
41
69
152
291
279
40
84
28
3
48
103
81
26
10
223
144
21
35
390
35
8
4
100
37
124
36
2
6
203
233
124
80
123
173
84
17
4
128
40
125
231
383
103
39
38
70
8
25
65
9
34
100
93
70
102
130
175
49
32
34
17
372
88
133
246
309
142
40
25
140
94
43
8
101
26
34
25
252
40
5
23
10
132
27
147
113
172
23
52
5
5
55
86
146
54
86
49
136
2
37
38
137
49
100
24
105
41
8
65
45
56
75
110
25
105
47
6
6
118
31
205
11
24
127
5
93
5
57
10
19
5
50
377
235
472
95
33
21
49
206
11
134
65
54
19
6
79
78
24
102
73
76
26
9
35
174
2
150
101
48
9
178
39
31
111
41
197
32
31
33
119
21
47
27
30
11
98
107
29
14
39
41
391
56
48
16
5
33
245
71
55
9
113
129
27
135
21
59
66
53
54
45
56
290
63
88
196
2
11
37
24
18
108
23
17
28
136
52
240
36
95
200
22
270
17
109
4
51
66
28
12
62
182
19
83
192
28
34
131
34
258
50
124
341
44
2
148
36
173
61
113
37
84
85
302
13
18
57
25
179
7
13
280
34
46
101
119
67
5
59
54
47
64
15
42
82
62
6
8
11
54
16
94
182
69
99
37
81
81
87
211
16
140
77
149
66
47
231
12
40
14
9
58
41
36
225
156
205
6
43
32
40
22
23
114
80
18
199
111
175
83
126
49
38
15
103
19
28
10
365
13
17
163
385
102
18
92
83
106
38
128
142
124
148
67
216
17
52
23
53
33
164
56
186
61
70
165
203
3
133
223
109
93
93
17
119
35
5
203
67
128
147
62
41
8
156
81
42
127
209
102
8
20
117
199
14
33
2
264
301
143
217
200
170
38
53
7
54
35
79
46
35
23
157
37
115
32
45
147
105
209
33
131
48
16
90
45
51
68
44
30
37
68
178
78
13
15
44
3
63
5
62
79
27
37
48
28
35
9
170
37
22
61
50
291
44
45
69
25
85
12
5
21
17
16
95
71
121
2
21
89
137
42
70
3
121
62
96
10
53
14
51
330
44
151
51
40
145
24
41
130
109
59
12
12
45
13
31
66
71
2
6
69
54
155
17
22
188
62
60
8
109
431
63
157
38
36
24
110
105
136
51
69
56
86
10
8
42
13
77
4
27
121
40
54
13
117
119
168
146
10
3
59
168
30
137
28
83
85
47
15
192
104
38
25
75
43
46
104
43
56
96
23
270
33
4
23
77
16
129
172
128
5
30
97
209
35
14
132
70
44
230
111
36
53
65
99
84
13
138
348
69
39
37
183
67
34
11
15
60
73
50
31
194
83
10
96
8
135
49
172
32
81
289
78
39
8
19
64
551
454
15
128
21
63
129
40
74
3
63
67
7
198
18
17
568
172
135
35
87
44
84
35
49
35
26
59
86
2
72
165
4
217
87
9
136
29
26
117
33
50
101
244
140
50
74
2
31
209
20
2
60
18
75
127
185
224
30
74
40
163
126
72
88
149
81
38
329
57
6
160
44
19
4
177
235
21
89
40
21
125
153
53
21
100
66
20
204
34
43
113
44
54
56
36
342
2
45
72
78
48
149
27
47
57
21
135
14
35
23
45
44
63
14
6
46
43
17
129
175
139
36
97
173
18
60
28
182
232
40
278
124
137
146
79
28
75
24
139
111
64
26
83
130
122
73
9
38
172
26
39
51
146
226
62
170
80
26
248
52
40
98
9
69
120
112
33
64
43
6
298
16
160
5
37
80
18
29
80
99
169
45
103
51
198
112
112
5
31
117
58
284
2
211
95
43
2
222
38
334
59
3
23
36
2
126
87
34
26
139
37
22
194
9
25
62
120
69
42
33
5
195
398
26
11
33
247
9
28
84
32
44
239
191
19
281
149
25
35
79
127
39
6
76
19
77
19
139
126
59
10
11
12
5
14
56
62
69
34
26
9
15
92
7
14
344
8
2
41
211
117
33
286
106
57
104
178
110
26
103
21
241
2
159
14
36
132
59
93
61
107
99
30
22
6
151
61
15
93
32
92
196
146
4
48
3
95
92
2
91
77
34
74
99
13
85
388
46
25
89
121
180
32
4
20
52
18
18
84
47
138
11
110
363
164
189
14
54
6
33
37
344
19
2
17
94
43
57
252
8
13
69
54
29
29
84
11
13
543
111
13
117
15
225
166
34
70
157
24
71
29
93
44
124
32
191
13
61
90
165
99
61
31
414
164
67
16
244
196
73
69
139
98
72
367
11
76
126
73
70
179
51
14
29
37
76
44
42
11
52
48
216
95
58
121
43
227
53
52
5
86
7
39
213
34
142
16
267
80
46
20
40
212
258
34
98
280
430
127
17
29
39
30
28
37
42
149
4
149
90
124
80
8
37
128
21
55
30
60
115
77
33
338
93
2
324
11
76
55
49
53
4
165
113
5
71
32
16
172
67
91
75
10
230
69
86
135
200
28
11
112
103
107
14
34
144
43
51
55
117
33
140
27
42
94
119
96
8
59
157
115
127
63
69
264
49
41
149
105
34
61
108
81
25
266
74
48
305
48
7
31
104
38
43
228
23
47
68
31
7
25
73
4
54
360
66
172
126
57
30
84
215
33
133
153
272
109
5
4
7
180
48
130
8
112
48
69
63
180
17
45
24
3
206
34
3
26
99
2
79
11
4
94
148
157
66
140
7
93
25
95
194
111
96
31
492
46
136
109
75
91
150
26
43
134
8
97
120
31
308
116
211
123
52
7
15
30
43
67
93
71
35
69
149
29
167
96
169
37
158
196
46
31
65
2
37
115
45
45
15
172
22
109
114
5
223
104
19
102
77
54
116
80
148
52
212
207
40
87
107
4
72
155
54
11
53
121
78
23
84
9
10
39
17
149
13
34
63
51
102
32
6
32
221
61
22
5
230
24
75
7
31
35
11
269
14
197
29
23
28
36
96
32
47
190
30
43
7
182
181
129
32
14
212
18
7
76
23
56
15
18
89
93
190
29
35
223
73
27
126
5
27
76
19
39
135
292
74
113
36
138
109
4
17
64
80
237
75
116
9
170
4
204
2
68
103
61
107
12
84
64
109
299
8
13
73
335
81
17
38
223
47
14
9
12
133
24
35
62
67
5
34
114
68
75
47
38
75
91
9
40
60
146
93
109
85
97
42
334
146
23
3
39
141
16
40
53
65
5
95
200
45
131
112
5
27
97
5
16
49
189
65
5
78
28
138
133
7
475
102
7
95
60
54
50
367
53
56
51
8
2
4
92
107
91
106
84
33
17
27
169
6
33
65
62
145
47
14
264
96
67
34
10
97
47
5
6
100
27
18
69
64
140
29
92
102
204
2
49
61
65
42
16
32
504
123
25
96
9
48
109
40
84
56
49
230
76
29
190
61
85
199
61
9
42
51
22
187
90
302
13
15
246
135
23
61
13
45
46
321
10
14
52
35
95
87
90
33
66
3
164
17
128
56
30
218
6
26
74
14
28
111
69
57
47
5
367
12
56
19
197
108
29
315
96
52
35
116
49
32
363
40
36
112
29
36
193
21
246
22
3
41
12
57
41
36
254
136
9
36
138
32
144
111
120
13
300
40
176
53
132
85
81
142
47
89
175
51
234
67
114
55
41
58
39
16
36
25
313
233
81
32
3
5
416
15
10
140
251
71
9
110
254
104
165
137
127
112
148
14
136
38
40
37
33
36
72
135
143
71
57
20
122
46
351
475
33
141
81
95
210
196
24
51
67
6
173
14
30
16
45
23
169
48
183
127
41
25
219
215
14
85
159
11
41
23
5
172
19
153
33
381
55
274
207
11
7
107
122
221
195
109
151
21
158
132
153
162
120
31
119
25
31
106
386
141
94
28
87
167
28
51
33
182
25
17
106
226
76
179
23
68
67
112
12
