398
101
8
24
14
210
196
800
198
258
62
47
24
153
12
100
35
81
122
72
83
259
309
100
201
385
8
8
87
318
284
41
312
336
17
174
500
80
40
270
12
62
231
16
55
176
315
367
39
124
203
76
265
295
25
79
245
119
17
68
363
128
103
252
70
7
31
456
51
211
9
163
39
62
216
10
77
286
8
18
310
277
303
137
182
203
15
336
468
54
70
14
122
150
6
16
96
191
53
190
60
43
145
397
27
123
493
163
190
301
87
115
165
260
56
51
766
142
227
52
461
141
65
491
205
140
25
139
43
8
40
464
150
144
37
60
53
167
319
595
96
742
106
91
103
14
213
109
238
162
15
32
184
31
23
53
237
263
226
121
78
294
24
394
17
415
144
8
259
55
196
28
159
48
45
9
732
45
42
404
573
173
126
315
282
311
17
354
195
380
197
51
166
70
184
105
35
12
39
151
238
112
125
19
185
120
187
55
273
266
82
195
114
376
284
104
85
356
79
281
244
101
185
171
759
143
165
32
300
78
145
180
21
101
496
396
86
54
337
59
4
5
118
26
278
71
34
77
74
27
20
126
34
6
100
130
2
14
109
390
162
11
14
178
31
781
17
62
82
49
445
21
238
387
42
323
87
21
120
21
45
54
26
118
51
5
412
86
265
286
14
359
321
242
684
284
305
79
71
178
433
300
155
69
134
477
341
20
370
101
64
465
23
283
40
94
280
8
370
640
55
127
64
33
16
80
6
67
220
237
301
871
3
230
691
4
46
173
136
75
145
116
101
32
52
27
55
209
3
20
231
128
407
268
30
412
188
489
224
320
43
299
324
181
99
66
244
16
183
49
252
177
247
62
192
98
334
770
315
203
48
310
318
106
311
122
163
82
264
13
69
557
124
139
153
57
70
100
246
287
111
3
161
9
134
64
133
224
67
53
57
145
34
60
164
1051
257
60
110
2
71
70
344
230
104
29
161
22
85
131
214
298
220
85
74
19
37
567
208
99
33
119
225
39
19
88
335
331
262
168
149
93
17
148
205
166
546
310
49
10
227
9
86
111
83
304
59
108
16
139
23
318
291
444
538
364
59
54
68
200
49
72
79
10
225
544
423
278
379
156
4
14
180
234
148
209
19
301
258
181
516
25
39
185
132
38
51
280
124
92
618
156
32
122
58
25
31
517
16
593
678
53
110
403
290
136
17
4
204
470
109
37
23
145
297
57
115
171
397
76
70
42
406
144
231
234
505
83
271
151
121
164
3
165
323
161
240
37
285
222
177
173
149
28
45
18
32
118
90
97
490
418
180
40
216
24
66
52
214
284
261
10
376
51
86
52
15
43
131
80
11
70
201
91
62
75
237
70
21
704
144
410
38
33
257
67
27
478
18
253
114
161
54
161
150
109
155
314
238
65
63
343
81
3
103
7
207
304
453
954
77
7
320
398
7
280
408
101
271
47
41
52
156
4
218
428
151
45
373
143
634
176
81
169
327
150
135
203
597
53
463
227
83
330
31
265
73
460
412
102
40
101
436
64
80
56
344
478
61
65
52
15
14
13
100
20
10
34
49
416
710
59
66
129
27
76
442
213
39
53
68
9
44
116
121
265
31
23
153
177
210
140
401
281
44
163
277
182
32
180
156
68
258
263
79
77
412
238
96
239
29
15
66
492
69
61
189
104
160
167
70
39
36
21
24
117
389
67
50
64
172
116
483
583
33
131
172
24
494
37
86
42
352
30
66
868
105
100
13
98
159
141
154
380
425
218
180
683
67
107
111
49
220
33
38
135
76
300
1952
378
326
77
143
113
157
20
356
163
139
13
109
13
113
99
19
962
178
67
20
84
152
943
1098
259
140
247
219
13
223
713
72
392
7
217
116
34
175
1087
62
227
80
12
128
41
116
48
57
108
27
38
58
33
172
502
59
170
83
137
9
7
85
184
182
485
444
114
221
388
41
131
90
467
101
89
67
168
40
100
27
31
225
391
59
413
224
855
11
62
43
160
15
64
157
222
22
87
650
50
540
27
134
98
36
123
232
182
217
2
11
32
26
99
134
187
259
667
200
61
108
64
32
7
198
360
61
532
101
35
167
103
69
432
100
142
108
222
70
185
123
705
305
70
20
141
40
52
36
240
48
300
66
66
6
41
291
8
69
86
765
7
216
206
400
12
180
273
137
9
10
60
82
12
245
147
14
122
198
13
44
181
93
33
485
299
50
334
251
161
168
44
382
23
33
416
476
202
40
16
290
96
87
461
278
17
714
47
15
61
63
264
256
12
343
15
98
143
76
2
28
77
144
65
459
258
29
461
29
185
432
322
289
27
112
57
210
49
425
12
646
227
117
170
213
117
598
39
43
152
128
411
149
92
34
198
2
140
586
54
19
255
58
156
23
17
389
259
169
347
211
34
23
671
214
90
228
47
35
443
43
31
23
25
160
309
91
108
17
111
414
159
201
55
50
317
104
123
11
16
9
136
488
19
53
83
72
33
340
98
277
111
134
368
123
82
46
19
240
275
453
58
343
282
115
42
21
41
263
493
2
201
209
522
111
83
322
7
358
56
157
146
167
82
49
135
78
138
33
46
220
107
23
223
85
115
139
527
71
209
49
18
72
327
576
343
155
49
123
43
654
3
53
14
149
170
246
28
162
62
643
172
148
116
159
340
994
3
148
38
100
264
165
227
166
113
96
315
159
285
39
293
35
93
14
88
162
479
17
15
228
205
18
278
58
300
62
213
704
365
397
154
143
396
64
241
102
76
121
363
122
16
27
195
30
189
58
217
130
51
273
105
275
24
98
79
197
301
212
272
14
104
34
171
123
3
56
131
90
118
93
24
323
117
536
8
136
99
48
47
124
25
142
96
67
175
17
191
33
96
171
19
52
27
52
471
179
78
447
475
238
68
18
73
322
55
29
159
200
744
271
77
110
53
122
133
325
143
152
189
200
330
112
94
209
193
169
119
34
514
358
61
165
75
223
75
192
17
148
321
86
322
216
2
82
98
35
46
219
276
30
53
116
60
4
73
79
246
85
309
107
5
9
261
445
450
49
153
40
179
52
83
222
176
70
471
169
128
170
6
215
141
112
241
294
198
365
298
225
4
53
5
383
72
77
53
54
119
47
182
108
23
167
8
100
62
754
225
19
28
210
59
407
140
15
67
210
100
8
256
217
256
216
335
58
109
19
40
197
120
133
84
263
149
234
258
15
3
144
17
63
4
52
46
327
76
40
11
5
226
70
229
4
280
254
181
51
428
89
577
543
62
134
269
98
4
37
9
387
319
11
216
232
324
17
131
17
105
127
206
345
383
44
181
36
176
261
76
117
236
117
70
584
3
54
311
302
533
437
87
110
363
349
46
291
21
40
246
78
130
131
212
39
55
91
31
90
208
257
120
233
58
267
138
177
180
209
21
340
64
59
62
230
197
209
347
18
348
80
16
64
3
46
352
68
163
12
58
524
386
204
593
15
470
40
57
459
203
103
251
111
285
401
247
411
41
164
9
6
63
209
85
62
174
41
197
42
94
769
116
435
183
48
58
201
432
108
221
93
183
203
200
152
263
132
241
87
35
158
159
204
110
70
13
79
319
120
575
2
274
145
284
374
59
93
84
99
37
394
441
93
43
533
254
4
191
225
227
617
145
102
170
158
10
279
110
174
199
249
214
9
52
42
107
199
9
22
357
132
177
261
111
97
20
225
172
222
212
336
32
14
487
270
154
302
152
91
62
114
443
32
210
49
69
204
161
110
197
210
168
318
75
132
530
631
183
195
33
463
311
649
536
25
3
239
83
83
22
20
192
14
2
8
115
58
30
70
150
91
425
17
195
79
386
299
301
460
87
88
39
20
340
3
8
62
185
55
45
84
173
44
739
94
290
290
229
305
77
256
130
543
85
10
213
430
120
3
373
311
204
279
14
415
19
167
361
31
175
71
35
1005
30
192
132
23
18
405
129
14
308
26
71
348
145
190
44
228
82
63
21
201
342
49
126
124
108
91
350
11
650
59
632
29
472
42
2
157
248
124
116
334
24
39
5
58
316
215
485
25
186
450
34
16
213
338
120
438
287
173
128
121
352
16
458
19
114
93
16
303
131
2
123
79
24
166
452
225
84
139
4
208
59
13
53
27
59
467
437
27
81
192
54
125
186
456
68
171
430
19
69
468
4
301
143
44
250
108
28
104
41
300
134
387
85
47
19
398
257
202
78
27
180
305
111
217
286
1116
252
183
119
122
44
114
192
108
196
4
64
149
5
552
198
352
65
21
118
93
189
51
17
181
157
38
167
200
227
32
612
117
78
233
40
13
712
44
254
42
194
144
74
54
79
21
44
245
39
1141
24
5
175
23
79
25
61
326
224
797
76
1027
71
10
104
13
536
64
46
229
7
246
135
10
35
28
45
56
217
129
206
834
35
88
180
88
597
96
108
31
23
43
295
70
338
30
188
110
151
32
15
182
177
15
390
137
38
34
313
226
34
161
2
88
18
15
34
265
238
78
212
497
22
51
19
56
30
96
316
487
134
332
25
81
125
398
96
24
56
146
242
10
474
162
40
154
146
15
175
73
42
27
65
78
31
894
135
4
62
260
205
323
367
10
160
32
259
100
269
38
17
322
389
229
416
113
58
469
89
194
58
201
254
36
28
279
104
185
109
43
8
47
35
181
13
117
157
397
262
311
54
626
70
232
285
29
28
474
552
331
7
33
400
30
558
86
10
244
227
446
10
216
81
55
35
143
77
299
310
111
190
120
23
275
126
421
17
115
13
27
28
19
36
35
18
28
46
137
115
50
364
57
273
166
14
69
335
148
311
104
25
36
79
297
417
233
487
348
474
267
658
104
35
53
556
91
129
40
152
381
64
18
149
86
93
337
94
25
468
65
11
172
579
62
3
119
27
58
216
191
129
91
18
438
177
55
43
189
88
303
281
108
118
192
32
110
365
25
126
33
601
13
312
3
104
490
32
784
184
507
195
209
64
15
32
99
18
107
178
168
57
196
34
7
11
27
272
7
393
27
216
14
231
208
158
211
64
177
70
559
196
176
82
669
70
159
77
3
171
17
123
54
88
56
103
4
110
49
133
210
543
226
128
259
129
30
516
97
3
19
361
764
24
93
90
25
75
143
78
65
67
116
136
154
27
36
102
231
95
117
821
397
23
411
265
77
373
110
31
173
194
155
316
182
140
69
86
33
206
407
713
114
186
379
277
32
161
189
79
117
273
104
86
393
190
113
654
31
413
20
103
113
184
18
167
338
19
85
158
614
26
6
221
158
13
498
21
349
166
215
301
72
257
310
63
176
268
12
8
127
120
119
31
250
159
2
95
566
268
91
105
232
42
28
117
294
184
28
82
12
106
70
110
11
109
288
180
16
53
42
251
416
176
213
199
232
135
77
77
216
58
253
1038
231
414
143
367
29
78
115
201
5
151
412
209
155
208
125
134
548
417
301
14
36
290
124
368
242
365
358
23
96
68
4
78
107
87
143
347
4
25
136
168
274
23
553
115
11
11
314
276
163
490
35
151
139
282
259
521
69
260
249
342
24
24
228
66
4
315
116
60
63
30
104
206
64
68
82
572
303
5
374
30
104
150
24
144
216
55
80
54
66
184
132
172
78
45
116
211
25
97
203
338
807
11
55
82
7
459
199
443
44
76
28
35
72
471
1025
319
28
394
222
11
140
110
324
149
282
281
96
21
51
406
103
27
14
143
60
112
340
21
370
167
268
221
63
32
73
81
90
51
46
152
31
35
367
277
136
242
123
43
140
14
57
66
115
66
18
21
373
77
112
42
250
180
381
106
63
103
251
151
45
234
51
40
49
27
413
318
18
34
386
255
70
164
306
124
116
117
218
30
223
78
4
260
329
100
8
372
48
164
143
9
218
67
79
44
429
54
307
165
84
30
70
98
37
122
113
299
29
435
31
142
54
36
92
42
130
56
83
97
11
183
29
24
403
316
390
120
114
85
187
52
292
10
126
23
385
178
14
28
49
4
157
139
430
237
279
177
375
59
164
255
381
166
121
80
293
54
103
65
69
198
132
102
31
14
44
66
505
104
15
100
378
543
303
38
249
29
225
98
132
110
22
741
155
232
297
20
362
236
551
88
123
98
13
127
266
25
336
127
166
36
108
6
21
138
308
150
42
215
367
339
5
342
192
442
44
263
114
133
49
171
234
54
113
145
219
65
673
146
222
581
49
214
84
454
233
38
91
469
11
45
66
33
59
308
171
213
413
40
54
15
522
45
389
209
32
166
248
438
198
23
51
163
193
203
144
56
197
322
11
375
234
100
74
30
350
36
105
108
204
637
534
156
644
30
312
154
343
62
41
149
101
46
83
32
101
163
133
125
273
60
17
75
123
125
373
357
147
62
101
90
37
469
80
252
261
117
45
71
78
315
1003
384
391
259
4
155
46
177
29
212
13
90
285
70
129
4
51
382
26
681
411
20
161
11
54
136
247
222
60
163
151
202
717
199
373
100
440
397
252
162
159
9
76
33
472
131
3
15
507
38
129
36
30
21
44
96
68
255
110
182
435
34
209
40
164
71
1238
54
80
3
153
137
55
107
659
43
231
10
375
40
102
207
147
91
60
153
42
54
91
64
161
386
125
525
78
177
12
150
250
58
107
21
317
37
153
73
13
188
119
81
148
235
41
561
13
215
14
87
122
27
127
115
69
48
189
117
187
80
79
23
14
177
87
160
21
64
461
14
159
677
316
342
83
216
113
811
23
26
168
22
88
359
35
92
74
42
53
287
190
37
342
244
6
163
50
282
137
24
86
68
59
283
9
526
23
97
290
541
12
36
76
67
86
115
253
26
24
139
77
90
146
271
196
40
122
32
80
13
12
282
63
9
235
792
5
585
600
155
608
182
108
26
77
52
33
327
73
48
22
15
657
34
6
25
331
296
64
170
80
147
266
91
46
181
76
163
152
108
115
412
390
120
22
176
65
88
164
502
116
39
5
33
183
22
361
172
88
70
30
239
17
199
26
8
240
136
50
16
358
26
223
77
31
399
67
203
43
222
125
16
202
32
34
45
25
235
51
22
39
42
80
35
151
9
3
141
74
145
177
14
248
13
21
191
81
82
73
97
46
89
196
5
131
7
54
39
3
253
35
209
128
130
51
332
70
2
28
56
58
83
177
29
22
17
22
139
36
62
381
112
68
171
66
67
63
10
50
2
215
481
310
139
23
534
131
47
51
221
419
152
48
160
181
33
128
456
81
254
264
92
42
169
20
69
7
184
320
56
16
44
136
51
31
13
304
149
18
103
86
180
217
127
25
257
61
314
164
162
135
71
21
72
361
149
51
168
4
32
324
122
8
26
124
180
94
444
132
30
96
4
200
6
261
86
34
119
340
462
73
168
114
394
79
67
122
63
829
50
382
18
156
349
32
40
54
854
98
52
141
49
44
29
27
6
178
110
70
196
99
404
5
109
484
16
73
271
68
61
116
6
23
140
175
280
141
310
41
46
25
104
129
994
154
197
224
167
10
122
17
22
567
188
13
21
218
120
79
298
5
75
323
37
184
270
56
37
555
29
8
98
34
185
48
129
386
217
128
105
76
524
239
21
81
57
41
104
295
257
640
67
16
35
144
291
36
227
30
24
116
146
27
160
9
33
71
290
41
137
91
423
146
62
326
15
455
309
33
198
263
58
34
89
286
65
150
167
172
138
260
31
56
245
92
90
240
92
185
622
167
270
110
51
56
84
282
81
21
369
43
36
100
29
279
27
332
28
99
106
300
90
748
365
5
374
38
63
178
72
637
77
10
114
79
56
157
262
292
887
197
31
61
170
83
160
482
441
28
447
166
75
144
158
73
159
444
17
397
355
6
320
41
90
223
19
79
65
118
151
127
109
494
368
7
101
75
80
470
114
57
346
153
278
428
216
122
141
53
58
7
152
291
286
504
203
84
16
9
12
192
332
14
150
242
94
243
83
208
9
285
19
46
90
359
118
227
5
140
163
18
18
100
583
220
95
252
131
31
275
52
259
57
9
362
42
256
348
79
95
177
30
638
379
174
109
40
152
70
140
102
96
148
343
322
140
37
391
32
404
117
18
43
53
330
457
39
58
228
20
42
198
277
218
66
442
230
145
252
531
62
170
255
201
51
57
78
128
302
286
90
203
32
56
207
230
434
219
139
64
46
486
94
174
262
145
21
25
2
120
220
198
8
18
22
18
64
203
699
62
266
230
275
2
370
21
61
72
376
89
369
44
185
209
383
349
58
93
214
3
219
28
206
172
279
117
140
445
26
86
67
88
161
258
333
69
82
370
191
33
48
268
147
6
80
156
512
490
290
11
184
310
322
58
149
557
23
142
65
69
87
151
413
509
153
51
282
228
38
149
110
101
181
54
280
343
184
94
9
80
376
401
175
280
329
709
173
157
116
225
99
244
107
191
5
103
149
271
187
162
570
5
111
317
95
422
42
38
457
410
9
7
73
83
7
28
506
50
13
75
358
31
60
295
98
5
25
59
50
103
14
27
26
184
57
89
499
83
92
58
141
20
372
269
58
31
72
14
367
275
337
437
85
114
408
217
138
1030
142
126
150
44
100
175
43
8
243
291
122
19
119
239
10
128
17
126
121
65
276
77
226
89
230
453
137
214
85
177
411
6
154
117
21
110
100
180
415
150
380
69
290
507
13
493
402
280
87
55
122
36
368
80
29
266
959
19
526
24
197
28
38
10
21
126
400
370
75
276
319
153
93
95
187
99
49
88
205
162
68
72
116
48
235
70
8
252
54
64
127
168
249
273
38
447
14
61
81
226
182
173
997
257
55
99
69
60
119
264
2
164
38
515
185
189
75
183
72
45
73
39
225
143
476
650
274
176
151
185
27
97
54
49
356
252
142
71
150
98
25
119
201
184
65
177
123
509
4
100
221
385
100
267
55
88
35
73
32
93
23
81
318
41
537
89
14
17
168
115
409
187
540
160
18
89
32
371
359
177
54
22
597
9
451
80
132
87
50
30
131
63
40
517
86
208
45
33
204
88
107
163
251
38
118
11
3
286
237
350
6
98
309
6
17
36
280
32
227
554
214
739
110
128
48
369
287
23
86
30
122
13
581
12
38
225
96
476
205
221
126
57
86
14
421
6
118
68
97
287
26
35
181
23
40
24
84
44
295
21
128
78
31
86
149
100
89
297
410
36
271
116
246
11
21
45
123
470
184
62
317
111
101
332
14
82
17
143
574
60
180
38
10
197
121
74
24
110
126
101
118
58
95
76
159
60
345
266
171
52
651
58
43
328
60
239
115
35
161
173
89
33
8
341
70
119
27
978
271
69
91
100
266
89
173
597
84
117
124
314
17
5
19
189
164
387
678
386
172
36
36
39
176
291
98
386
90
17
106
508
180
162
24
213
63
24
29
60
197
86
95
72
112
3
755
193
325
26
110
240
169
31
226
887
131
392
436
194
91
366
79
45
177
74
237
46
208
77
246
165
402
248
89
80
23
206
37
188
134
56
247
603
31
126
138
117
121
71
402
111
9
28
369
139
132
503
270
149
85
52
42
337
217
217
71
109
475
191
51
170
88
33
21
103
134
4
350
52
83
976
125
437
7
250
110
2
299
126
32
74
50
8
82
64
66
35
112
47
127
433
63
306
43
43
76
91
264
147
77
45
379
381
197
122
114
184
101
122
109
68
371
111
109
51
107
39
423
207
113
405
345
387
55
41
209
97
3
144
27
50
167
72
26
55
41
15
76
211
202
123
63
73
59
695
72
167
178
118
100
247
38
56
28
79
27
198
5
29
168
52
23
35
35
17
24
233
146
312
71
397
39
321
2
487
194
490
6
2
346
555
131
273
26
17
144
71
175
237
33
716
16
526
180
403
447
122
9
202
37
41
64
14
257
28
36
4
11
155
10
272
131
38
308
91
33
186
51
135
61
167
125
297
43
345
33
27
49
204
16
443
453
133
114
27
32
546
56
152
159
43
19
46
492
32
234
195
27
15
51
371
278
54
149
73
70
110
247
52
597
94
11
26
86
118
28
136
85
33
93
3
93
54
97
53
444
253
165
150
300
123
4
95
201
691
567
76
36
510
302
88
71
79
136
204
252
55
4
136
451
91
472
23
269
63
9
83
5
296
31
10
51
266
132
235
148
159
95
175
216
905
209
50
81
84
61
100
343
101
3
104
41
85
124
15
107
190
60
15
168
34
12
154
21
39
12
139
33
358
36
289
80
382
328
50
3
84
253
40
216
138
53
62
26
136
6
80
70
61
146
62
268
65
133
140
206
270
254
390
130
77
292
344
56
38
32
169
88
330
406
127
302
244
366
252
152
211
3
123
399
79
288
146
615
40
330
42
230
367
20
6
94
380
112
179
30
103
5
14
86
374
5
61
20
28
32
54
108
88
27
99
87
235
18
35
9
129
318
85
98
128
30
26
43
58
76
103
332
503
7
262
68
393
93
45
146
422
87
606
69
135
532
4
40
225
58
18
207
246
181
51
2
209
224
185
195
431
14
19
25
404
282
30
180
651
213
101
10
27
94
386
306
187
59
202
37
86
67
46
147
231
79
164
70
9
101
372
88
233
169
147
46
110
237
212
203
106
534
84
101
95
174
95
40
99
81
68
531
95
2
130
425
2
192
159
167
76
68
198
84
18
283
144
87
397
939
205
273
8
32
45
20
8
395
183
518
83
159
73
133
104
22
77
335
325
847
228
467
158
187
248
262
98
132
233
693
10
64
283
3
85
186
44
158
692
114
53
88
11
36
235
254
134
130
20
52
222
292
71
454
558
86
131
3
34
53
114
118
87
535
156
99
1343
271
126
358
8
152
87
37
113
88
118
246
55
133
71
148
289
408
20
254
101
272
92
251
37
120
106
48
382
154
305
5
48
6
14
425
234
523
104
32
178
46
26
37
380
294
70
134
10
107
23
22
19
135
42
15
306
232
202
37
56
77
595
382
143
130
30
28
45
28
33
257
36
99
273
32
260
56
196
32
13
74
52
84
6
216
488
254
9
64
122
458
129
302
236
31
39
84
268
113
24
159
64
171
19
14
51
149
108
9
66
320
37
183
52
166
225
300
94
477
26
18
252
1065
38
255
197
52
166
483
26
154
274
434
171
12
380
38
63
191
126
33
32
527
78
227
12
352
324
21
37
693
156
27
48
213
223
28
174
137
114
55
114
71
65
110
110
212
53
52
43
363
377
4
60
115
122
42
173
98
11
171
95
180
77
132
146
173
296
95
81
39
22
85
176
69
267
7
6
39
10
81
475
399
112
136
133
13
698
423
234
28
4
129
347
52
83
439
116
327
14
35
171
119
259
12
212
93
29
115
136
123
95
142
361
8
187
59
52
118
95
146
83
244
107
316
383
14
94
46
413
477
226
149
122
83
28
105
190
50
193
27
289
88
51
63
344
123
132
462
54
136
203
77
140
143
151
58
29
45
73
71
314
19
55
229
21
142
142
55
488
7
46
164
588
408
103
8
8
46
4
25
80
97
62
29
147
173
325
170
167
18
70
111
4
226
125
7
507
209
222
135
18
6
37
236
322
111
614
151
176
209
235
5
35
21
41
160
166
101
277
45
5
72
26
804
51
118
320
309
39
203
76
136
15
381
153
250
577
78
223
202
15
194
157
260
61
356
412
186
21
98
262
26
117
141
214
131
124
121
186
56
53
348
136
7
214
106
144
108
320
593
50
127
395
547
307
2
205
720
616
178
71
229
134
735
128
96
188
273
312
187
57
448
46
150
353
114
177
118
94
48
206
89
350
110
52
3
109
1024
22
34
48
70
83
14
7
83
407
410
51
117
105
52
209
259
349
230
26
312
189
194
726
436
112
207
52
248
82
103
12
190
82
54
135
144
132
44
237
328
33
62
79
23
127
4
72
203
144
56
13
18
282
150
150
197
123
16
336
18
46
70
370
10
147
139
123
79
204
79
1195
141
157
50
219
3
101
193
128
157
95
158
15
183
16
12
27
607
105
436
92
666
378
259
108
65
13
90
152
53
11
33
187
121
54
89
23
179
38
21
284
77
181
65
40
32
515
31
32
61
269
120
525
220
333
68
48
11
262
141
417
227
82
275
21
172
119
463
135
161
113
231
530
95
86
210
91
38
142
214
20
43
29
32
4
110
55
230
51
106
165
102
141
125
177
101
104
101
338
73
477
31
615
155
2
331
41
127
209
57
89
397
30
49
64
345
17
10
173
241
10
364
29
70
193
56
117
87
143
96
117
227
74
26
204
350
78
78
133
4
964
52
446
107
74
136
321
192
126
136
132
229
15
53
539
162
28
206
10
22
106
414
92
175
2
68
60
9
17
278
159
259
80
197
6
4
43
263
158
145
10
657
175
30
207
27
88
40
531
179
124
73
93
2
18
65
303
273
351
18
337
8
5
131
785
441
134
234
29
138
82
38
15
105
192
115
184
66
83
76
20
125
55
172
59
15
30
44
320
123
70
91
2
19
128
56
113
51
245
704
333
195
96
145
11
22
149
58
143
182
533
7
220
36
29
196
194
114
23
232
182
290
38
32
170
371
500
332
140
169
54
14
661
236
78
10
282
69
109
117
326
146
148
561
341
136
14
32
5
205
33
16
47
86
113
145
189
62
73
478
350
201
287
75
551
81
709
258
86
81
20
134
178
129
264
285
129
171
100
158
65
47
95
4
707
110
29
147
4
286
112
159
24
16
36
145
272
48
322
239
64
61
539
127
132
111
129
23
35
354
44
14
71
53
428
136
89
92
85
255
18
28
479
84
43
56
198
38
108
10
39
229
317
21
175
247
144
96
120
216
30
106
65
123
248
123
106
80
123
17
376
230
45
54
166
41
304
7
64
147
47
284
263
117
387
313
51
72
232
82
156
183
30
194
7
705
13
285
117
104
229
454
220
888
30
195
5
92
62
77
15
369
76
3
23
66
9
208
150
109
74
52
119
128
280
476
47
124
61
93
84
384
339
36
179
61
196
83
377
84
327
87
71
131
389
107
28
166
253
243
489
286
150
218
243
485
403
22
15
511
194
125
294
219
122
108
7
41
51
272
28
138
186
33
57
136
386
305
74
269
479
65
64
33
340
239
27
157
82
84
196
9
262
391
7
478
64
129
90
26
7
111
287
100
96
13
290
261
195
141
474
71
65
385
2
116
223
47
143
155
93
191
117
79
41
243
19
27
49
142
35
157
44
20
272
223
301
323
72
187
271
65
100
3
193
112
118
8
405
135
172
89
135
177
293
183
228
64
27
366
254
247
479
330
89
261
66
14
137
277
102
146
178
136
69
28
136
140
113
252
163
2
23
578
57
163
20
248
32
32
177
197
50
76
148
66
32
89
120
11
217
148
223
24
97
8
37
89
372
72
305
188
25
72
7
197
15
226
34
118
138
121
9
302
26
84
109
33
211
71
226
31
203
272
55
196
84
145
141
308
11
143
105
131
36
86
120
321
54
100
314
162
422
97
132
74
143
33
61
57
240
19
333
136
15
227
213
656
35
115
202
117
224
16
4
2
40
103
325
317
26
36
72
285
265
163
16
153
147
26
105
150
158
150
330
134
79
137
68
52
69
191
64
432
114
14
222
380
116
40
5
214
509
76
73
141
400
598
511
42
79
21
329
30
499
63
306
90
382
74
39
313
517
147
152
24
455
411
2
20
10
59
10
87
347
149
228
122
78
66
138
155
493
12
63
105
117
338
65
325
198
61
26
366
65
101
146
265
29
236
3
205
184
229
83
256
34
125
27
166
148
206
56
125
161
10
219
209
36
135
44
48
96
76
147
85
6
315
15
39
202
2
32
75
60
357
229
198
402
325
202
170
73
24
284
575
13
328
154
330
98
134
188
217
237
3
31
128
39
262
349
46
674
128
20
48
151
232
61
153
100
114
42
15
143
297
512
202
331
240
202
9
1057
105
16
209
36
120
58
16
61
22
222
163
214
692
195
305
61
914
13
42
5
147
75
192
87
4
89
597
506
161
16
23
54
112
82
38
149
13
223
40
30
159
73
463
126
23
348
103
64
52
161
5
203
216
363
38
274
55
793
142
165
319
104
104
351
3
211
45
36
263
71
33
20
97
34
46
35
697
16
89
4
8
178
50
41
15
53
36
17
252
506
98
123
88
340
143
159
363
133
9
287
65
123
350
750
74
168
167
490
91
176
205
502
74
36
28
916
34
148
2
194
283
24
65
3
21
582
294
272
37
100
49
193
199
180
338
28
25
50
178
605
276
110
255
106
170
15
76
27
29
36
183
54
21
174
67
170
3
378
143
33
38
612
345
230
177
103
2
165
188
150
166
239
12
157
34
357
165
36
87
7
89
260
59
219
61
39
61
126
75
328
621
318
130
45
53
14
130
38
139
161
28
50
86
94
23
132
152
48
4
178
2
113
125
209
113
119
15
293
415
10
6
21
133
86
148
52
5
140
163
340
208
74
114
232
326
31
225
299
248
57
316
86
82
4
189
169
230
365
16
200
228
3
243
17
156
65
219
539
211
379
302
36
18
113
33
372
97
195
69
294
44
221
201
192
35
68
76
14
86
56
27
819
78
41
107
186
76
2
216
66
82
37
178
163
60
132
182
66
303
266
54
784
499
114
314
6
430
128
443
3
20
371
254
50
65
209
104
37
21
10
117
90
99
233
127
104
254
48
61
300
64
380
53
10
58
193
154
178
18
23
149
92
234
123
148
177
13
102
159
3
43
57
104
88
245
92
146
22
505
89
75
235
48
62
561
12
279
59
112
61
363
4
19
15
191
387
302
41
247
63
179
10
112
111
23
173
573
417
25
76
442
76
75
6
120
5
80
341
245
324
37
770
169
92
278
20
1018
343
11
36
5
185
192
72
222
87
436
43
194
86
35
87
64
11
393
487
43
44
435
96
49
291
53
203
54
4
34
86
228
109
74
41
70
170
55
145
151
50
91
354
70
268
2
56
27
45
146
157
196
28
307
45
17
67
43
361
157
34
244
7
352
141
73
51
5
432
325
56
472
61
429
409
35
111
45
97
134
72
25
93
43
368
62
66
19
190
102
452
24
660
319
5
96
17
329
196
19
286
119
278
74
190
274
68
142
21
246
219
33
120
305
70
357
135
5
84
282
11
19
637
296
140
445
374
44
280
403
422
209
268
117
11
196
570
51
47
205
221
30
308
452
675
107
152
583
509
44
38
393
67
389
17
541
105
124
559
52
37
93
49
40
127
6
237
185
5
26
152
846
325
130
221
43
210
369
106
84
1360
130
106
586
125
142
101
75
64
189
102
432
2458
367
252
95
413
127
279
45
138
33
87
9
75
163
107
354
40
23
62
76
252
136
126
89
508
11
20
227
54
182
36
422
44
113
16
24
344
49
286
95
437
84
273
191
149
152
144
502
239
85
102
293
5
402
311
52
1261
6
8
88
21
101
281
2
60
357
393
28
88
49
263
94
122
369
47
544
178
154
51
591
145
119
41
27
94
192
33
86
357
80
12
56
88
273
216
197
39
243
545
50
259
60
141
77
180
52
211
1054
726
193
36
234
120
23
6
208
62
104
51
176
52
210
52
53
385
163
144
12
309
69
387
63
149
287
126
221
92
489
381
132
31
465
66
21
19
514
6
4
453
101
324
57
346
27
312
272
110
61
337
72
331
30
49
62
146
102
147
824
353
78
827
333
224
112
56
89
82
41
99
156
551
143
281
132
113
166
57
797
5
316
42
617
51
44
49
57
57
818
38
60
303
48
85
91
177
40
115
103
190
152
38
110
483
191
182
51
129
98
99
402
129
46
195
121
309
110
143
211
31
29
441
70
14
197
157
109
201
116
110
44
21
94
51
43
77
557
107
231
195
189
8
344
487
56
187
442
86
553
82
322
146
69
99
187
17
147
127
149
11
28
413
113
43
232
140
69
2
63
31
76
368
282
8
62
104
106
75
82
154
483
138
139
231
44
130
202
149
251
11
356
8
193
247
144
263
4
42
87
213
1005
226
154
329
5
354
33
180
187
345
171
325
150
108
41
288
187
59
32
340
353
67
146
43
98
485
174
114
151
2
160
160
477
74
16
94
108
81
202
124
104
50
129
73
339
434
179
336
537
39
334
89
17
202
66
222
53
48
61
657
225
166
277
73
63
82
75
16
247
734
149
57
228
896
13
185
46
64
346
299
270
166
97
276
41
441
161
290
154
155
76
221
179
275
346
40
330
394
186
145
36
206
24
704
9
113
176
2
48
96
45
197
61
255
17
359
129
271
237
122
23
579
38
96
151
236
125
215
5
27
619
2
101
283
284
207
109
2
77
61
13
4
11
237
128
19
38
84
81
265
90
72
54
20
101
49
696
406
374
254
335
185
515
98
10
127
10
100
68
56
46
58
55
56
38
115
3
12
162
242
50
4
23
86
252
290
53
153
82
50
35
20
141
231
103
136
3
146
659
67
36
736
164
66
124
290
95
191
49
320
249
952
62
326
37
124
51
215
3
117
519
236
157
40
199
266
60
308
147
21
21
384
83
135
104
99
124
145
183
154
14
353
10
62
16
22
4
38
210
516
131
55
436
148
249
82
170
187
49
160
11
34
22
21
87
6
143
19
102
177
23
122
107
92
93
344
206
216
39
7
30
84
396
132
95
184
82
59
53
176
507
94
212
252
391
816
22
405
33
69
47
271
212
110
71
428
23
35
201
3
8
86
171
73
48
76
11
200
30
173
84
265
239
149
99
5
85
35
236
351
13
788
166
52
401
25
806
93
332
31
48
326
490
103
31
265
60
177
409
330
278
436
11
458
50
183
501
91
82
89
10
486
191
362
279
308
203
279
171
226
419
19
274
190
264
45
43
37
143
170
125
24
52
58
149
328
9
89
86
205
308
10
121
55
113
267
54
109
90
107
85
280
75
43
76
54
145
372
758
65
544
82
54
34
650
71
60
3
159
272
2
479
31
60
394
20
254
186
381
18
481
95
6
3
37
185
126
674
186
39
62
151
21
254
285
338
101
346
189
33
144
114
286
27
495
36
37
27
4
84
58
90
573
84
298
96
15
337
231
269
95
19
131
25
468
219
237
69
32
150
340
159
121
715
207
46
42
125
122
239
284
304
47
97
265
7
168
51
30
102
132
86
33
59
358
45
125
25
13
2
130
235
144
65
182
9
543
40
419
441
80
340
13
113
537
52
76
553
154
183
405
7
129
228
668
187
272
34
113
75
552
68
36
205
71
14
69
150
100
219
177
191
8
43
978
266
138
268
216
14
233
74
265
174
193
8
74
82
25
82
523
733
204
137
91
116
170
463
39
168
257
136
32
260
41
69
193
2
264
113
146
8
191
285
7
281
661
47
63
180
7
429
20
496
277
13
121
744
13
185
161
44
42
119
899
117
11
180
39
132
258
2
135
198
26
57
4
26
254
3
255
666
190
53
153
197
142
285
15
666
246
11
440
193
234
136
10
131
61
70
143
384
83
50
83
114
79
48
134
152
67
222
303
343
71
388
586
86
59
74
104
273
60
13
181
2
110
222
125
80
7
130
13
118
329
7
33
180
24
67
54
314
290
365
152
75
199
179
404
66
331
157
7
98
134
30
249
271
106
62
54
49
112
352
24
235
13
41
73
24
11
164
39
14
105
111
50
145
339
600
521
194
267
186
86
387
45
126
209
10
111
430
40
35
426
128
107
43
75
826
304
89
44
48
54
63
510
110
16
77
28
138
179
160
255
138
27
531
218
741
97
56
24
8
61
7
224
177
169
121
138
354
47
23
11
56
107
126
124
470
132
238
25
9
16
296
74
60
94
97
283
135
61
242
151
200
3
276
133
7
240
59
448
5
207
24
165
339
866
152
179
75
597
137
96
154
50
210
130
15
124
3
31
56
212
272
337
36
135
204
422
179
103
70
66
150
175
229
58
36
342
281
68
219
7
81
111
5
191
52
331
899
127
107
129
6
48
107
24
106
36
141
233
63
119
289
350
110
2
26
61
33
268
54
41
272
41
164
169
14
64
21
2
129
152
53
155
36
52
117
250
202
337
219
52
190
50
11
70
463
69
20
108
41
36
115
16
239
383
35
51
248
14
163
23
351
169
275
111
526
149
42
52
20
37
123
11
26
228
132
27
143
13
405
174
124
239
212
46
221
131
728
25
108
296
535
16
40
55
124
473
413
32
641
138
201
69
34
121
22
2
210
64
309
6
63
410
66
56
59
218
291
17
45
674
28
18
118
164
277
13
173
239
295
148
42
177
21
269
446
253
18
38
45
2
3
34
611
23
245
61
227
463
196
57
136
262
286
22
107
63
261
88
70
205
57
138
607
534
264
162
273
117
58
134
15
32
34
22
314
569
431
552
3
169
7
380
157
89
22
1219
190
470
188
34
46
415
21
152
41
422
80
188
356
20
305
113
864
150
65
66
317
351
236
44
260
373
81
167
142
183
108
478
5
228
16
156
40
110
28
9
85
103
52
197
238
4
351
49
24
46
74
171
336
235
27
188
30
448
58
59
142
60
235
80
34
364
152
163
800
216
90
172
152
63
13
141
392
36
101
140
436
229
260
17
111
142
41
2
153
685
186
718
47
147
132
109
10
403
171
24
90
47
151
329
141
46
22
62
87
85
48
232
32
9
58
90
91
83
14
855
72
359
234
205
143
222
296
457
102
146
19
204
172
66
178
173
92
278
69
57
227
147
5
191
7
111
112
204
402
48
512
289
4
112
136
67
411
233
20
15
41
33
47
359
11
330
232
535
30
10
29
2
40
20
303
40
133
81
36
150
225
3
38
10
427
8
204
58
109
61
6
122
167
229
13
170
26
17
222
212
11
281
33
46
113
86
94
176
206
97
136
34
289
8
269
304
126
84
221
179
211
140
57
2
116
46
328
208
423
74
268
274
242
252
59
363
257
51
116
74
33
112
3
129
56
22
28
187
58
270
192
81
10
63
17
147
137
210
218
130
204
59
99
54
127
3
26
25
86
101
16
47
779
44
44
19
122
523
60
43
155
140
114
166
20
67
4
166
181
109
390
85
44
64
94
178
3
64
18
5
75
107
308
35
111
21
221
41
176
285
9
349
20
128
30
100
69
98
38
196
36
271
458
7
823
146
48
78
110
170
672
633
9
113
85
165
7
275
67
73
14
467
100
149
136
50
468
156
82
71
169
135
143
410
44
81
193
89
5
33
468
266
198
328
432
78
123
398
24
339
3
217
223
67
131
11
106
361
15
41
95
368
37
177
43
4
377
313
164
55
25
69
254
51
100
172
94
76
63
158
26
29
113
271
36
4
141
120
119
133
46
80
102
15
554
85
453
10
633
9
43
101
49
677
22
98
221
157
54
183
248
192
82
463
131
33
173
75
104
18
370
163
19
17
394
304
65
39
74
164
4
131
102
40
98
103
40
92
216
186
39
401
93
284
163
119
14
185
417
193
54
57
213
135
69
71
226
91
338
102
31
31
139
214
236
384
564
100
237
106
3
294
393
519
36
90
474
408
214
34
83
39
148
334
498
280
146
92
276
185
125
62
41
245
467
117
41
27
184
12
31
25
62
57
713
315
16
146
140
65
74
143
138
199
104
5
57
129
9
92
104
85
606
377
22
180
226
173
48
130
283
263
505
159
88
138
16
128
24
149
19
375
38
223
146
254
50
147
138
156
89
465
239
345
339
146
240
31
144
20
85
96
53
238
118
9
123
31
125
64
160
450
168
146
128
23
29
303
67
42
126
625
84
66
144
22
318
517
54
8
235
21
116
608
34
111
147
495
27
117
126
17
387
199
24
58
298
400
79
61
131
120
323
35
159
158
591
58
87
87
228
101
98
222
189
134
197
34
522
45
30
779
16
57
127
49
468
171
177
73
355
40
17
8
586
169
517
77
114
28
195
18
176
13
196
55
89
79
456
82
156
331
104
41
20
405
192
112
234
450
233
152
244
199
120
13
111
292
86
55
155
32
196
306
552
114
143
786
239
175
14
152
356
118
149
20
26
116
65
134
105
104
33
343
142
55
51
29
244
5
2
78
19
253
103
7
68
22
172
9
95
671
104
447
328
160
223
78
216
45
4
102
41
127
10
81
108
245
226
411
171
36
80
181
205
73
93
292
66
46
126
51
237
197
505
414
438
333
27
80
213
194
130
178
933
83
139
260
49
115
27
38
34
68
180
47
98
94
140
24
252
72
421
159
47
86
89
273
286
10
844
44
139
584
71
145
297
104
24
259
16
39
32
336
134
62
238
206
551
367
376
44
231
127
24
114
47
116
44
52
4
208
103
463
99
84
278
132
352
119
431
58
86
3
196
4
149
762
166
24
30
102
71
291
432
343
373
1200
181
157
195
56
268
79
88
191
510
32
27
30
42
124
239
2
128
233
76
97
349
321
102
205
295
102
339
61
582
8
26
491
16
226
116
349
152
611
104
405
172
490
30
60
649
61
13
121
94
22
692
11
142
265
16
155
57
30
174
736
66
48
82
38
85
518
56
191
26
103
44
21
15
132
64
257
71
158
321
101
227
103
66
233
362
60
443
51
38
399
143
91
114
70
79
364
170
5
16
111
323
228
860
24
4
121
148
69
30
41
216
20
71
117
47
194
23
304
430
332
190
332
450
489
428
14
481
296
181
38
118
125
445
22
168
32
94
66
16
94
506
378
14
391
37
74
23
249
153
397
153
586
112
66
127
21
300
58
65
2
61
1038
51
296
89
336
69
280
78
59
529
370
293
21
119
74
115
66
832
105
22
24
399
379
231
190
84
9
807
254
76
10
7
375
30
30
6
505
130
71
194
2
359
210
248
84
184
172
26
162
363
134
147
114
75
15
387
16
479
205
241
161
224
33
65
283
73
55
196
448
165
17
99
250
44
100
77
68
4
63
67
99
111
66
549
22
9
130
74
400
233
253
18
44
14
82
225
300
7
96
19
41
360
157
67
139
82
47
130
55
412
8
218
193
8
631
58
41
37
139
36
171
57
277
105
32
83
43
27
18
380
155
7
8
44
169
221
308
406
439
67
73
244
41
155
70
91
2
183
409
103
268
103
535
230
633
5
219
119
278
94
14
57
210
68
441
330
89
107
178
80
208
139
342
109
4
27
155
24
69
169
154
25
46
469
78
8
14
203
73
304
449
112
63
291
36
154
115
209
253
35
36
44
50
96
266
261
136
115
102
31
57
240
473
102
59
113
199
20
106
193
117
322
342
56
140
108
163
49
26
512
112
131
312
114
19
597
173
12
386
110
26
272
59
53
82
99
141
124
542
77
18
15
114
151
99
4
247
45
154
42
19
219
221
32
222
134
179
437
26
244
226
99
333
246
203
434
288
299
95
224
224
482
17
197
416
83
113
35
132
18
313
478
41
259
467
232
371
469
397
48
7
161
102
167
108
59
71
57
359
158
320
169
459
198
486
32
7
23
201
303
872
358
319
3
136
228
10
490
158
144
443
80
196
59
71
307
131
452
253
90
5
188
78
30
71
15
153
136
207
103
174
226
341
265
153
89
160
80
297
342
158
8
89
488
362
54
108
55
232
30
122
172
281
96
485
113
11
113
54
50
44
38
74
348
367
331
236
155
89
271
358
27
261
194
10
255
288
36
348
111
24
216
104
221
30
24
11
60
215
66
67
212
126
11
71
339
65
581
249
112
36
374
156
111
186
19
233
351
233
215
158
27
159
7
97
45
40
235
9
2
117
14
230
127
371
34
281
171
64
147
408
80
233
136
359
437
111
115
27
22
191
24
23
48
135
15
78
83
298
5
74
81
431
344
145
40
252
322
200
53
17
142
166
50
69
96
99
149
72
88
8
155
79
154
444
92
58
682
1293
15
134
704
214
54
67
33
102
46
110
135
3
129
167
5
6
175
14
103
544
82
95
252
3
38
175
76
306
83
105
19
115
107
212
48
296
39
133
158
49
69
197
230
201
742
434
83
110
459
35
71
504
460
477
89
68
17
116
184
290
139
132
17
183
260
123
45
419
91
70
124
227
340
326
259
45
28
310
350
386
83
249
40
71
536
480
101
3
46
32
233
35
138
34
211
185
377
120
165
63
63
148
49
48
71
108
652
84
481
22
45
7
47
114
33
130
282
34
58
485
72
158
738
324
8
23
17
174
20
161
30
46
109
26
15
96
86
5
140
144
114
78
49
12
170
21
78
33
171
446
87
92
138
3
768
218
63
545
62
218
5
72
28
93
449
26
312
140
322
64
235
674
13
94
61
218
239
55
688
86
51
3
20
218
106
313
29
238
97
517
41
199
70
296
151
104
93
47
282
53
721
87
81
495
51
3
36
602
245
68
124
39
242
89
154
31
110
2
369
521
228
65
31
226
89
17
167
77
346
236
118
156
39
86
340
208
155
244
99
158
61
116
455
252
23
9
328
383
137
249
41
259
205
284
987
369
552
106
145
178
20
199
66
23
553
131
272
78
146
79
40
398
503
36
564
287
458
15
90
224
30
134
21
174
80
499
49
7
81
2
301
371
338
33
69
305
407
200
42
364
9
306
391
207
282
10
22
262
21
292
237
10
91
260
220
101
150
261
257
109
46
188
175
14
191
341
15
188
121
22
45
12
116
129
229
131
422
32
88
148
310
193
244
24
45
18
13
214
64
71
270
94
235
37
167
120
135
20
465
473
616
101
669
22
179
