670
280
454
19
521
96
370
518
428
128
18
345
420
669
28
166
520
391
147
5
487
596
53
15
792
56
121
521
315
187
982
1277
78
206
749
81
745
109
168
32
320
1068
5
1271
425
282
74
758
145
677
79
170
827
40
172
232
329
265
24
536
3
21
38
319
104
429
85
344
41
961
31
7
212
385
69
1381
456
366
320
328
89
76
252
577
376
281
95
197
171
233
161
43
675
213
19
1417
141
326
9
5
230
117
110
807
91
383
317
62
525
1061
138
241
200
501
28
914
389
174
751
624
301
270
1172
54
470
210
737
12
59
273
1482
114
387
1116
340
115
565
357
282
249
330
245
529
328
122
119
200
230
955
102
268
688
385
218
309
157
234
348
705
900
169
117
92
259
193
122
651
206
385
247
15
265
330
236
68
119
246
175
589
557
537
474
148
8
135
899
254
944
530
119
444
100
275
81
134
113
218
245
236
789
85
633
11
72
249
43
943
538
613
53
548
62
231
56
143
131
3
153
548
305
468
216
175
61
921
52
74
132
258
22
715
237
319
135
11
645
1021
243
555
58
850
760
2
54
194
1901
19
181
3
502
1773
245
263
404
76
50
243
23
227
512
225
302
48
366
96
181
108
754
617
393
332
220
149
343
24
378
268
33
618
530
46
188
295
155
409
288
260
383
29
298
1075
677
311
1557
120
372
62
188
274
266
114
210
542
38
171
386
375
748
304
355
15
221
90
1284
86
419
51
476
90
298
193
407
213
43
523
291
395
663
54
611
351
795
694
291
1643
195
155
446
154
8
643
80
50
1336
23
58
129
169
445
157
121
73
65
48
961
182
502
957
123
89
141
569
441
768
7
34
242
66
329
4
18
344
417
910
634
284
863
99
728
37
213
10
351
1032
945
23
223
596
245
342
24
151
603
48
406
135
2
100
380
1532
218
265
386
151
65
56
246
491
9
924
100
20
11
28
102
439
20
1056
224
106
469
14
442
87
6
333
107
563
202
501
123
726
1009
712
90
342
844
11
258
287
257
537
219
156
46
34
265
108
49
403
66
795
82
137
120
88
345
236
700
477
297
554
2
626
177
49
121
1179
47
226
2
4
1030
133
439
151
1270
119
393
444
157
41
633
6
885
1692
38
48
459
813
534
778
532
56
737
342
92
282
121
140
7
214
121
110
246
1172
312
165
375
9
509
648
404
490
244
2218
623
61
112
3
458
126
793
195
114
208
1813
180
181
136
259
145
164
186
193
304
170
248
94
603
594
314
240
257
477
61
253
71
270
12
200
206
672
4
959
85
100
196
808
8
306
792
288
6
142
1266
213
434
143
18
820
1181
524
56
863
289
193
67
154
563
95
299
450
232
155
19
347
136
669
370
349
53
488
73
235
342
306
154
233
13
182
115
81
209
609
124
229
910
145
100
121
26
219
181
934
454
94
141
388
1853
8
190
62
785
683
197
412
203
246
206
201
481
444
168
176
168
216
537
253
1762
308
362
127
85
157
197
52
54
602
146
657
428
270
75
52
197
263
762
225
118
399
500
387
316
173
1224
522
121
695
271
55
1780
165
74
598
55
203
44
320
133
32
134
167
174
155
693
671
573
29
294
42
475
96
213
41
382
418
100
289
388
322
95
88
1755
2005
68
838
9
489
226
844
1072
283
112
192
566
394
380
102
30
131
238
307
116
299
776
129
58
240
65
56
205
909
56
8
29
245
122
190
498
331
411
655
1131
194
242
666
996
48
128
1311
590
280
352
84
48
419
77
159
52
146
441
316
190
11
4
929
3
638
1412
85
1617
147
410
521
383
530
124
204
73
448
277
8
74
78
148
93
149
72
21
284
471
124
64
138
600
165
183
81
1351
307
141
876
523
28
991
454
238
194
12
303
501
15
317
384
219
962
33
8
753
687
113
19
137
151
391
80
90
62
25
447
577
58
293
108
96
111
17
154
148
139
937
384
786
32
73
515
53
261
140
424
511
363
370
155
135
27
305
83
172
111
235
176
140
443
580
297
1177
429
338
309
214
502
946
134
303
418
85
8
3
2
411
959
1246
281
8
179
70
185
41
128
975
17
73
587
153
91
1022
231
654
504
910
2450
445
122
1853
396
348
15
134
20
283
748
112
318
399
337
143
1149
166
212
556
332
47
377
549
121
261
306
947
41
625
92
28
2
270
334
349
801
1386
181
309
104
708
84
148
70
128
455
481
87
160
612
351
137
250
363
93
1807
259
70
168
469
19
119
159
138
291
396
166
363
263
1009
460
2
72
322
53
192
560
596
1144
1398
365
81
203
4
477
123
963
345
308
313
266
82
223
34
130
70
253
20
105
7
111
589
38
257
116
1198
71
348
371
21
534
247
408
483
203
100
40
461
137
620
198
68
120
981
490
564
40
425
78
24
28
272
165
127
67
354
604
99
931
1343
271
252
441
50
1093
75
138
634
546
277
181
331
168
25
119
223
247
144
325
254
96
126
200
522
381
215
320
261
124
51
22
31
1079
390
564
288
302
288
384
153
132
37
127
354
475
177
38
2175
539
776
1066
184
968
22
234
634
589
412
1460
34
261
134
164
384
403
205
305
333
107
254
51
216
430
18
986
1466
637
950
881
167
3
69
158
501
47
931
25
1053
233
169
514
43
432
122
287
110
105
126
82
759
478
43
1242
188
798
398
277
124
301
151
1198
656
307
413
53
31
384
1217
116
35
447
21
345
396
238
599
153
1067
38
23
31
434
479
506
299
665
218
102
181
136
6
312
141
302
311
45
369
91
258
197
480
166
203
146
55
255
24
884
544
59
294
137
88
143
288
67
312
455
42
445
49
77
199
121
304
166
747
312
354
113
324
550
323
167
511
127
84
580
1223
419
286
85
125
267
210
31
194
402
174
221
500
116
655
486
392
429
221
580
132
746
566
24
365
569
1121
68
838
1773
62
90
565
312
881
32
30
216
916
1627
326
146
280
20
59
174
249
338
120
49
135
346
83
279
85
57
609
384
1418
15
506
2
69
570
76
136
115
329
43
712
264
585
768
10
426
456
1133
36
14
2
270
258
112
489
35
455
1186
332
221
454
404
130
474
326
199
50
265
1352
279
79
347
698
316
250
1275
43
62
246
102
286
480
193
236
147
323
587
1561
10
321
177
15
386
190
48
299
610
485
10
418
179
1475
44
783
358
185
57
335
277
338
315
1487
507
767
22
332
562
18
185
416
560
17
331
624
221
615
104
76
730
29
248
217
343
574
324
114
198
370
493
418
132
66
292
11
247
543
476
609
378
494
110
1022
443
15
1153
1515
27
691
155
48
132
351
182
30
391
186
148
389
49
363
196
51
30
125
41
38
637
98
319
794
394
838
30
145
161
296
169
90
123
318
383
383
230
123
214
581
29
123
99
137
213
1270
66
23
81
581
35
19
874
45
1126
80
79
801
146
388
19
890
446
189
343
235
128
697
420
201
867
41
433
47
239
29
166
70
12
368
1112
149
325
49
164
386
241
81
137
414
749
194
10
484
146
454
1502
664
633
84
332
48
412
271
62
37
404
429
28
38
311
634
623
18
298
36
51
267
61
61
38
957
8
381
147
30
239
356
529
240
173
427
70
122
161
84
195
125
104
32
282
359
255
149
359
139
176
34
110
352
172
338
842
49
612
401
45
131
93
374
43
4
54
284
74
343
121
167
125
21
122
340
30
147
291
59
303
304
302
185
284
742
386
419
44
76
136
370
937
648
106
353
149
123
360
12
443
51
117
1181
464
175
823
46
322
1204
50
474
561
668
853
94
692
1709
525
73
197
266
555
166
905
60
808
598
19
348
61
257
897
305
36
142
7
867
1456
368
324
16
206
137
275
293
418
330
1041
180
114
375
326
340
109
29
264
17
757
322
205
1035
19
116
603
168
815
182
319
780
45
263
25
155
164
126
490
961
303
4
519
93
334
670
69
88
327
851
642
159
22
147
145
879
530
112
326
19
636
165
324
666
211
454
184
349
373
32
586
139
241
3
469
410
22
273
426
234
459
266
9
915
597
234
38
114
1284
289
63
40
721
21
694
290
285
289
19
343
38
343
21
78
641
535
346
124
760
40
277
197
603
142
1070
320
69
308
214
253
173
696
564
37
631
25
765
199
232
740
273
256
1570
132
120
475
140
1186
469
260
2
622
46
483
18
119
131
148
68
645
332
469
593
683
300
52
1014
70
1088
416
94
2
115
575
113
325
449
38
239
58
294
1051
545
519
179
203
142
799
349
115
558
91
37
307
305
89
568
345
281
764
19
439
226
196
217
254
184
244
186
58
489
27
259
624
84
467
26
25
121
37
71
109
312
788
91
77
1114
276
841
542
887
659
817
418
344
81
156
520
595
1253
1196
775
112
405
6
1228
48
556
862
56
9
36
101
40
33
258
732
38
340
1516
273
93
252
514
961
15
439
9
348
674
105
423
368
298
1064
302
398
278
352
420
176
405
408
377
67
353
34
781
852
262
8
7
67
314
150
944
436
91
189
67
234
159
975
787
76
139
896
190
6
130
301
281
402
321
186
322
501
49
242
70
8
26
8
95
139
187
76
204
513
697
50
169
544
774
984
52
1394
539
56
240
46
330
111
117
342
237
9
92
155
867
475
29
431
163
29
270
328
497
210
180
751
290
181
120
330
13
251
567
137
86
19
73
408
110
211
130
158
258
163
138
75
38
690
96
137
1707
128
189
423
239
152
222
482
1003
94
59
227
428
797
265
150
361
17
846
96
402
108
141
217
181
492
472
132
117
399
190
340
460
1264
211
245
74
1258
18
26
387
280
485
117
734
168
582
164
214
130
728
129
150
49
698
165
39
58
452
224
388
916
50
76
154
240
222
51
1051
48
24
421
299
257
173
251
778
90
177
9
1038
108
450
146
66
39
311
133
202
1103
158
492
258
67
605
154
630
392
222
83
273
252
235
69
69
51
19
108
352
72
133
247
1332
456
877
372
2
408
124
496
555
301
561
76
130
262
10
173
785
333
307
84
41
328
393
83
77
7
489
139
479
516
182
235
70
49
575
168
196
387
228
148
290
417
114
399
141
731
457
58
530
63
1164
81
242
63
399
177
259
616
314
539
59
626
1137
144
177
862
301
146
4
512
51
238
44
234
774
645
224
808
1346
415
167
105
253
121
32
275
307
286
21
677
123
632
322
441
936
1303
218
282
266
916
16
140
52
523
321
449
33
534
212
327
274
535
87
17
407
48
569
100
262
100
200
244
279
649
77
67
243
85
664
306
42
211
237
29
278
95
246
149
41
52
32
120
470
826
122
46
14
426
252
529
167
71
177
81
34
99
1050
128
62
722
172
170
699
81
153
512
210
49
88
388
1179
57
259
638
2557
1271
1113
164
480
1232
469
288
688
1414
295
100
297
132
124
424
108
533
223
89
194
1169
759
285
448
198
173
207
67
1178
608
532
4
616
26
243
137
821
342
69
290
397
231
729
524
1476
500
1147
237
107
25
87
24
577
264
127
604
167
71
304
277
296
284
749
95
369
88
470
437
488
542
186
313
593
25
350
14
308
862
28
60
24
30
1151
509
64
434
297
224
122
279
367
205
147
112
414
275
20
68
15
596
303
1313
804
462
748
133
536
507
32
169
636
73
484
141
512
320
366
725
85
103
64
338
10
382
20
34
48
18
114
54
127
688
102
743
91
294
871
605
509
125
85
157
27
730
620
168
258
621
260
160
387
315
165
22
128
80
65
386
48
56
73
180
265
658
165
248
159
363
50
155
389
38
310
255
71
673
68
83
578
618
103
569
12
183
424
22
822
199
106
451
103
692
156
609
32
41
51
204
16
473
693
64
26
11
82
347
429
870
150
114
166
201
113
330
132
199
600
47
1097
174
151
479
175
110
82
143
271
106
97
292
564
191
87
382
590
144
134
9
384
414
260
750
50
202
186
291
104
204
311
66
220
445
45
138
488
92
256
256
45
121
232
148
1214
612
22
61
10
282
47
42
173
548
10
321
851
280
1059
375
583
221
58
53
598
50
218
568
384
177
70
196
12
140
835
17
92
76
204
708
867
109
18
1034
163
344
22
2234
515
21
325
69
336
277
616
399
4
171
171
117
192
35
119
77
1674
110
578
208
939
936
145
110
596
174
160
55
226
279
217
892
384
30
191
27
118
533
623
113
158
459
105
644
282
30
724
125
6
300
393
946
354
373
192
9
194
711
287
286
493
33
45
116
740
217
55
547
388
47
120
18
205
672
198
386
540
130
12
225
206
37
186
139
167
23
27
268
129
100
966
961
757
4
900
193
133
97
255
191
81
510
97
293
649
271
336
491
11
122
476
73
67
86
52
294
103
489
290
141
1010
295
34
356
23
26
253
329
224
770
185
227
34
20
537
127
245
1157
325
84
551
20
599
98
568
376
633
291
374
74
37
247
217
432
201
388
130
234
167
610
428
427
167
551
78
794
375
531
306
639
172
233
125
70
63
130
121
247
415
169
105
264
1517
776
64
94
787
1015
307
283
425
300
357
39
698
3
216
49
159
55
66
60
233
164
119
165
8
258
571
500
3
46
427
243
235
57
240
260
1143
62
48
265
133
403
1686
108
312
1127
355
278
304
45
412
63
193
746
569
36
14
92
500
402
49
210
52
135
72
24
655
151
128
681
225
339
73
761
771
468
829
46
36
625
1783
447
490
50
313
690
72
298
797
384
161
786
753
599
238
122
1593
1293
469
46
301
385
12
2
100
110
254
9
36
117
726
107
25
455
634
360
83
99
3
484
259
78
497
26
386
414
21
42
35
164
1195
176
529
121
87
752
49
454
979
60
294
750
531
250
167
125
162
531
360
153
334
220
937
6
244
46
233
988
349
23
26
81
201
59
363
6
39
159
298
168
146
65
564
212
24
290
319
266
114
6
1009
410
348
30
18
7
175
256
54
524
220
167
289
563
171
413
1219
127
313
523
681
335
440
12
440
198
368
293
381
368
111
186
199
65
857
7
173
134
812
219
24
167
173
1015
218
11
501
63
1016
50
550
1952
64
261
572
38
222
458
196
67
56
236
594
18
175
53
141
52
264
199
170
99
881
124
976
190
126
428
193
274
120
9
358
74
611
314
181
45
118
606
626
269
115
200
212
81
230
545
187
382
239
106
10
29
232
330
293
272
613
556
47
96
349
87
504
64
404
25
395
385
332
676
33
120
265
136
73
37
287
79
36
482
136
12
854
138
347
247
540
193
357
209
611
211
97
380
197
358
91
202
696
363
219
29
115
37
78
416
500
856
983
30
62
674
124
37
166
130
270
16
34
131
1106
14
217
441
674
77
19
428
138
354
485
91
223
353
102
127
303
1237
37
389
158
1402
218
600
323
64
225
44
135
1176
171
438
101
704
383
137
21
195
301
34
69
227
113
119
98
19
613
42
28
441
133
316
8
153
41
2
3
65
6
1568
45
48
82
584
578
505
416
184
396
179
833
236
339
390
237
1500
436
330
348
119
873
230
342
114
267
793
897
48
410
11
1057
186
155
111
582
287
25
225
203
697
58
108
245
238
352
34
434
54
12
339
67
663
112
363
443
52
308
173
565
83
619
337
1028
618
28
412
166
467
413
429
163
10
81
397
23
40
551
71
246
103
162
88
27
277
158
117
663
319
138
391
264
107
118
362
99
23
73
520
543
345
127
203
175
196
58
155
3
20
701
871
64
157
572
221
95
76
1009
278
145
159
349
367
497
1328
91
179
756
28
233
159
881
254
125
168
257
526
1083
320
984
346
125
224
1014
145
393
306
1052
49
177
97
27
481
295
834
25
412
35
705
148
262
564
57
32
31
337
280
699
470
674
331
54
26
93
328
251
73
275
394
218
299
1167
391
386
49
776
779
922
30
231
1514
340
183
755
594
174
937
36
183
361
155
337
88
743
96
112
26
10
20
258
210
469
399
492
212
58
62
151
1462
233
587
89
270
221
608
646
14
269
148
229
13
137
77
30
372
400
476
737
146
52
477
544
65
901
190
318
27
94
321
335
628
38
176
32
136
1161
53
541
213
2096
17
452
216
210
254
213
84
776
29
110
418
897
412
207
126
1154
44
165
201
84
342
93
14
647
1077
33
459
237
246
319
101
32
132
116
28
374
397
31
78
1151
1182
302
37
638
124
350
8
62
374
471
836
484
2
96
582
9
518
297
441
35
2
206
31
58
185
736
448
315
1283
107
12
99
62
102
75
754
203
236
1311
131
338
48
41
377
292
145
89
142
486
50
431
564
599
297
45
60
281
158
311
442
409
540
38
696
328
37
458
231
21
83
599
113
290
465
755
179
250
221
382
170
664
295
250
132
6
365
212
165
30
42
7
273
536
299
262
348
193
63
735
457
609
23
82
13
87
897
38
1616
166
97
761
184
363
112
45
262
275
632
1100
45
259
202
25
608
157
202
404
116
160
131
612
617
332
264
165
449
176
230
226
378
119
1052
400
793
18
49
12
251
103
313
87
45
113
92
1029
350
427
1148
600
87
419
861
116
276
176
233
53
73
518
20
122
10
50
631
236
53
114
525
279
249
1576
428
245
37
450
886
484
391
201
95
327
1657
103
197
857
486
506
366
23
224
13
680
251
33
124
78
280
558
73
1068
187
886
611
144
258
1640
518
381
436
859
1548
198
154
207
141
228
700
715
153
360
270
1732
237
1249
1042
210
294
695
17
711
178
19
174
215
487
246
97
487
286
374
341
10
241
120
137
595
246
77
628
210
296
446
292
84
1235
347
676
1373
603
1060
137
233
109
136
386
541
421
141
320
263
53
272
82
1045
158
211
149
665
56
47
130
106
557
212
11
378
307
219
51
652
100
175
133
224
271
223
252
694
904
256
550
152
393
349
75
743
151
101
56
167
300
102
351
601
26
86
601
583
73
4
82
439
185
584
588
700
443
1252
186
341
32
281
1021
424
908
105
232
199
106
434
116
180
1714
224
286
101
380
144
456
1420
87
503
673
274
370
478
534
120
213
45
213
623
169
223
286
102
344
88
270
260
651
74
381
360
429
1494
71
99
652
299
513
426
841
357
1512
35
224
355
43
73
308
1210
644
259
146
204
1012
540
431
399
821
31
472
948
74
843
247
197
273
63
20
274
198
20
74
119
738
283
1739
790
918
53
519
138
489
6
60
302
24
174
974
393
34
303
370
2800
38
818
304
335
112
444
1684
167
36
9
337
964
117
63
452
1410
135
207
256
890
125
94
364
220
189
65
131
323
139
6
406
278
1548
38
11
58
608
11
294
630
106
426
619
186
4
1087
11
325
116
314
478
198
182
229
248
1000
46
176
30
451
301
854
843
685
581
128
122
474
1741
282
382
149
77
81
268
835
470
313
174
662
183
524
636
1676
507
3
158
66
434
215
21
301
142
920
293
562
162
266
906
498
41
31
46
2
654
43
121
154
293
683
466
386
274
40
78
71
531
324
11
590
283
264
618
28
2371
121
181
174
45
880
238
173
890
66
906
457
408
261
81
70
252
163
410
198
561
15
269
126
72
742
650
10
78
69
89
271
20
36
1616
752
957
530
223
1167
83
375
965
323
45
107
304
102
177
114
442
528
534
1028
195
505
321
326
367
976
454
207
159
217
260
291
437
578
271
35
1167
1107
79
454
121
68
406
101
158
267
45
19
746
430
114
89
596
195
6
642
139
19
119
100
302
87
125
551
113
216
44
17
189
20
200
1180
143
193
105
450
32
109
132
727
88
480
293
568
125
188
213
141
286
43
73
101
55
442
11
358
485
28
83
143
308
37
190
665
351
443
19
532
933
654
564
49
398
174
132
58
233
451
52
963
418
131
160
700
1334
138
65
586
968
9
229
19
448
327
750
184
160
988
120
103
160
435
40
1082
240
356
333
210
586
834
61
90
402
481
22
760
582
141
529
619
249
554
415
479
130
112
221
126
478
212
342
18
366
225
66
261
427
75
95
52
31
88
179
606
104
133
238
134
174
552
146
167
8
450
438
464
13
626
182
218
232
78
516
290
80
168
33
984
176
214
309
167
498
156
319
549
179
33
40
319
230
123
339
25
474
276
217
334
937
13
49
412
7
46
22
493
104
1235
101
76
294
764
73
254
176
92
451
323
29
29
140
314
90
1205
279
470
416
166
121
137
192
882
357
207
230
201
35
186
90
168
125
171
269
227
242
612
327
233
334
166
147
180
253
381
100
42
567
290
242
336
1410
631
174
165
316
36
260
348
171
88
96
703
317
249
464
237
18
55
379
135
83
656
992
953
122
112
159
530
511
212
6
208
52
1323
433
1064
164
378
714
345
93
431
45
910
910
457
134
43
134
552
2
2
303
152
18
1013
286
698
199
44
910
16
144
301
369
112
628
171
222
402
369
460
640
467
62
739
387
957
75
113
623
789
383
12
236
75
187
455
223
57
794
31
664
317
71
30
120
203
400
10
43
245
353
160
408
108
1072
124
63
339
827
109
149
34
200
670
2
505
230
480
2
502
126
12
498
147
137
121
139
655
44
42
558
405
47
428
209
186
119
25
112
910
362
874
477
26
30
24
9
143
44
370
84
212
656
160
178
263
66
294
144
737
256
250
1137
87
90
42
1270
35
524
1017
333
1043
130
217
231
101
89
67
63
489
10
21
458
270
835
378
35
291
92
66
50
95
298
998
674
243
200
233
74
377
2
44
1469
986
336
58
404
86
33
162
340
62
182
331
1484
142
560
156
1149
104
58
1025
898
233
585
6
393
307
110
926
127
274
31
836
84
173
306
121
116
868
232
33
396
145
727
375
396
749
76
60
1204
525
9
800
57
402
225
330
105
396
246
265
343
4
452
413
128
680
208
426
65
204
131
985
4
571
1645
618
747
65
242
130
90
196
69
69
224
71
241
79
22
21
165
150
125
205
96
665
226
181
258
494
1051
426
137
134
11
23
84
690
583
21
47
412
179
108
82
762
508
139
54
309
256
41
300
954
102
120
213
875
936
255
77
187
284
256
373
173
217
721
75
79
230
101
25
680
436
855
13
51
21
37
97
73
102
194
129
178
82
82
320
680
283
327
1191
654
321
686
522
45
223
21
258
868
883
228
112
383
112
289
70
50
103
46
509
196
911
120
788
952
31
218
229
20
374
76
202
66
1493
1215
267
273
695
204
35
365
1282
230
615
70
376
501
1070
121
425
327
538
26
404
35
418
117
29
69
303
195
624
506
618
905
105
89
12
71
514
67
1216
63
23
455
285
302
102
57
23
39
273
132
392
34
293
276
115
540
210
961
145
10
42
392
349
981
32
304
710
103
328
449
126
888
163
487
103
148
423
66
236
882
889
140
1330
573
81
289
39
699
44
158
373
275
11
81
814
236
7
427
522
649
395
451
370
560
148
17
85
1025
44
171
347
5
227
88
284
789
501
357
968
89
31
232
38
1505
690
9
118
422
1031
312
117
47
146
305
318
326
197
284
20
69
524
147
178
433
51
74
729
57
54
51
858
68
13
44
144
225
49
3
530
284
261
12
660
280
306
797
423
370
83
267
274
186
97
101
13
523
535
224
490
1008
383
537
458
81
707
474
37
32
128
307
180
37
355
1037
290
199
102
14
1085
222
1142
153
309
174
396
158
49
45
33
374
460
429
48
463
86
351
60
933
10
691
205
372
4
37
238
1496
390
376
39
247
120
47
581
281
4
161
72
682
98
94
84
9
344
35
20
109
825
104
80
538
622
185
72
20
241
51
92
239
339
378
631
151
250
137
295
36
632
153
1533
124
310
149
210
54
624
64
314
167
250
118
252
463
40
1178
436
85
488
51
63
544
10
470
285
652
1217
244
470
181
104
863
686
279
190
388
627
208
886
97
71
152
44
198
865
23
463
816
2
48
107
39
727
232
14
772
266
169
14
33
731
763
1005
413
426
62
394
112
502
183
13
130
320
102
736
17
620
101
144
248
758
62
111
667
440
399
54
737
124
178
226
136
43
353
126
101
410
236
427
492
776
125
45
133
279
112
1201
88
118
74
207
630
119
664
26
13
403
442
1379
203
667
181
859
578
345
68
33
280
797
148
392
138
6
149
216
776
90
703
292
479
633
606
72
6
40
58
941
897
191
194
224
217
439
211
273
454
36
313
4
368
162
39
97
12
176
94
6
195
64
615
114
493
389
722
786
590
286
402
29
426
286
156
201
336
785
74
51
7
602
107
495
378
574
294
768
386
810
115
66
456
68
572
640
55
73
31
130
628
47
396
281
101
416
103
362
72
445
792
26
175
94
202
134
434
168
250
549
1755
3
529
219
266
393
937
177
148
394
79
241
772
379
13
322
1185
16
64
184
369
1036
369
357
121
393
650
61
53
342
179
468
170
194
552
172
589
189
218
163
451
277
144
810
464
88
787
77
733
224
200
175
14
103
151
232
56
116
66
398
272
992
39
814
146
263
337
528
268
469
301
1188
72
1215
184
1782
362
7
1162
75
1055
332
606
73
315
221
385
252
313
910
128
8
1660
916
73
784
638
299
58
1036
74
469
101
357
243
35
6
274
14
210
389
258
538
366
763
406
64
217
26
394
232
340
20
56
797
209
178
969
1525
66
244
367
817
485
8
131
103
163
273
127
93
252
357
143
44
436
737
1378
25
589
207
240
275
301
315
117
455
238
119
33
793
171
142
224
149
14
256
107
21
236
197
50
1108
936
142
527
107
152
139
1059
84
285
116
77
134
341
553
31
697
144
41
62
181
467
544
115
319
77
52
30
674
526
19
11
116
885
178
75
508
426
17
1108
74
80
364
11
82
353
386
12
644
31
186
268
1175
194
28
292
326
140
254
282
29
622
29
230
418
35
2
279
91
42
87
235
142
73
393
124
261
381
224
516
105
116
324
426
268
57
272
23
776
136
663
619
804
288
436
9
33
86
542
225
329
21
187
19
218
293
584
469
145
114
461
466
370
64
767
518
99
932
438
14
446
164
31
54
266
89
11
299
47
1219
4
1022
234
269
146
145
166
338
185
36
295
238
126
334
976
78
254
497
158
304
84
376
281
325
29
98
921
24
92
383
901
125
711
643
41
1693
51
23
7
154
226
331
67
82
255
474
7
341
685
857
83
572
219
131
68
48
1130
15
447
236
159
43
107
196
232
46
565
451
25
128
312
569
148
838
158
476
569
489
186
76
81
141
188
128
795
172
242
1034
168
358
298
171
25
173
21
254
72
16
222
412
28
1107
83
16
1115
160
375
298
1577
316
1084
78
400
168
277
226
10
373
362
130
93
395
160
240
65
358
97
273
743
538
566
738
419
19
78
1080
23
506
198
479
139
225
812
262
22
457
1098
363
458
222
330
99
871
294
168
164
75
2340
48
44
243
345
326
72
152
246
241
294
313
1321
860
355
95
271
424
164
351
969
519
736
899
56
106
29
105
40
435
86
701
175
142
259
267
177
1065
402
384
6
823
827
296
877
94
1110
152
76
116
77
92
637
162
163
14
488
137
356
439
464
70
129
337
1223
131
21
782
39
17
1336
498
366
8
41
576
68
514
294
242
209
48
226
1026
55
76
660
232
454
2105
139
428
310
626
167
103
168
160
471
127
795
115
4
445
118
53
64
22
4
186
71
304
319
691
94
439
526
246
312
649
301
60
66
37
79
167
184
386
347
51
339
30
1004
108
158
643
299
283
30
207
14
561
537
201
251
734
45
495
125
544
157
70
138
180
13
849
671
832
616
52
186
490
48
132
162
562
58
221
906
365
184
106
9
921
173
299
118
178
528
76
114
1141
306
25
116
1020
193
93
131
32
827
330
143
761
190
162
209
445
4
40
567
320
238
91
58
468
430
157
1289
131
413
298
492
114
285
225
135
45
226
578
497
199
821
113
592
330
268
106
84
335
223
478
53
67
400
211
34
174
114
481
912
357
1451
79
385
782
91
781
320
90
500
376
3
673
39
37
397
76
1461
69
795
230
47
730
495
1356
893
93
846
2
175
441
629
223
29
80
777
98
219
579
18
602
687
109
623
2503
623
1025
373
126
548
190
126
174
589
337
935
208
91
1019
296
1148
416
744
521
115
13
1018
858
85
410
588
250
2
207
312
235
227
442
754
64
160
514
223
135
757
645
1151
231
193
234
51
127
577
39
719
208
555
46
1016
29
124
341
53
292
780
368
189
342
178
162
8
66
60
314
400
353
54
639
108
434
79
534
336
73
550
196
130
81
327
721
342
276
578
224
167
302
82
206
182
363
209
677
271
217
184
55
1426
102
197
191
591
198
17
290
443
278
3
12
107
33
46
101
56
134
76
64
64
44
2015
438
34
170
196
117
135
23
709
222
578
5
760
835
894
238
270
144
364
421
205
797
40
8
99
146
823
486
34
3
176
340
476
324
19
1363
223
50
10
56
48
261
232
567
66
423
145
30
208
1465
319
47
14
307
183
229
35
216
152
246
350
462
12
479
151
59
206
174
187
382
320
206
1439
291
159
37
183
1696
334
150
461
419
167
737
427
66
986
71
670
258
183
9
95
179
357
720
49
243
45
20
206
184
833
1073
685
882
359
386
310
149
21
325
390
868
95
286
168
147
15
91
373
1065
407
188
368
502
75
1014
6
12
374
53
568
558
192
379
530
432
322
396
49
178
68
327
602
369
326
761
195
143
558
440
585
54
229
169
198
96
226
566
223
73
237
266
242
305
135
391
452
1017
86
424
217
101
168
636
24
80
42
814
580
227
323
546
179
323
69
138
949
833
166
708
204
218
238
523
189
25
779
98
203
54
432
410
79
112
152
760
51
208
73
38
225
431
404
454
50
21
597
146
600
51
103
144
14
122
1231
168
402
491
333
1132
863
52
410
124
26
220
316
780
529
384
765
239
187
525
297
357
114
177
192
85
1106
66
10
28
885
19
75
433
19
68
77
313
38
302
746
195
42
19
34
334
169
973
135
261
132
477
283
328
1039
123
1529
1869
36
566
80
152
35
867
62
224
56
124
322
142
11
83
3
233
118
8
146
205
363
1089
270
212
107
20
317
101
723
147
22
440
194
1135
421
259
47
357
1354
448
146
1432
119
347
268
161
1040
146
272
748
199
87
66
541
335
72
16
58
102
582
298
1078
217
115
788
161
66
13
66
106
4
308
502
218
13
701
1249
309
6
221
403
209
26
23
11
86
145
219
594
95
125
29
75
778
247
62
646
1148
899
151
160
313
289
1665
894
256
302
123
208
191
385
1105
495
128
137
707
488
862
408
242
1362
96
315
332
154
48
369
131
96
51
195
81
697
59
370
179
255
180
51
16
637
10
508
553
234
75
43
202
380
326
214
964
333
537
434
591
66
52
160
13
99
74
87
35
510
61
111
132
1080
118
179
387
227
462
17
928
314
613
579
355
381
105
818
228
170
494
18
345
379
349
635
230
32
151
475
182
8
545
835
505
659
284
50
73
304
193
398
228
722
472
753
129
595
120
1108
237
30
489
227
29
741
47
109
855
418
229
61
59
320
336
774
539
586
348
689
340
176
8
145
263
215
810
287
50
564
354
81
149
34
162
617
290
381
109
142
1013
908
10
41
71
682
20
425
128
550
140
29
197
483
291
360
3
80
141
151
492
228
696
100
217
329
176
127
275
359
12
110
38
401
417
274
163
538
307
1233
57
285
214
297
208
324
77
99
405
760
214
394
660
153
138
81
380
28
369
470
673
354
96
787
387
71
289
8
27
47
59
197
225
207
212
142
567
41
1171
875
355
88
133
161
485
313
108
72
164
268
27
217
205
22
686
553
434
248
194
783
630
454
235
262
189
402
178
120
849
217
1539
69
131
317
158
122
8
17
266
150
55
167
327
229
177
762
220
1269
421
221
1063
1081
5
391
31
76
118
140
993
1132
423
206
182
399
672
666
339
8
510
487
189
352
79
1583
1199
9
794
892
157
649
232
1228
202
194
382
251
666
93
275
71
562
249
18
65
151
224
581
636
658
1111
243
878
790
159
100
296
749
232
325
372
61
135
597
568
63
230
78
240
1159
1413
197
68
226
656
358
17
214
237
42
3
461
73
870
225
433
502
39
123
305
598
156
310
760
624
997
22
928
10
239
44
472
4
211
158
42
267
52
228
75
299
130
249
444
318
155
130
1196
424
49
76
458
60
1183
43
396
780
234
232
423
900
517
750
391
243
36
139
1038
153
521
1294
500
267
1260
21
173
148
55
48
47
113
10
94
412
230
503
362
360
91
352
8
378
264
399
166
510
416
1056
2
611
434
696
123
217
3
421
45
361
221
4
114
802
34
126
241
183
842
221
527
634
750
666
1338
57
144
384
309
240
122
606
370
207
79
147
502
257
26
1240
159
266
162
62
610
126
195
118
452
297
460
479
7
13
439
768
166
842
214
307
260
193
1408
198
2
161
203
91
386
45
184
59
21
935
292
99
362
140
353
218
213
315
573
384
448
769
54
289
1157
86
126
424
190
222
179
290
160
282
220
108
115
19
369
856
380
390
184
564
229
230
72
66
1035
199
52
525
197
841
125
11
120
100
935
535
1159
813
325
1056
240
166
582
7
538
122
244
65
626
442
163
189
177
259
153
11
256
105
953
803
37
122
1700
4
175
408
18
984
430
67
505
33
128
155
338
141
615
81
333
78
25
237
8
229
228
16
197
96
45
370
299
123
588
658
788
173
742
636
647
317
110
5
293
66
52
129
172
661
176
470
267
163
381
274
668
226
324
340
17
116
1091
672
83
141
214
200
241
253
1364
401
144
315
171
605
509
125
10
171
949
227
88
86
165
323
46
580
422
296
482
18
88
778
686
224
324
126
551
392
557
54
56
878
167
19
1282
1163
8
1085
87
165
92
226
18
475
169
236
264
366
17
100
34
26
284
426
64
286
289
179
49
374
74
542
233
176
209
56
67
278
80
197
176
254
689
954
596
869
881
274
108
807
315
239
298
142
33
439
385
193
179
191
552
35
175
860
341
31
20
671
365
256
488
166
534
560
233
380
115
83
254
389
96
100
167
3
201
202
176
132
1613
143
504
525
122
33
627
252
284
102
371
49
126
707
639
15
111
93
91
189
38
26
281
86
193
22
150
9
343
784
123
228
1055
367
629
116
355
658
420
48
198
9
625
209
399
118
36
190
396
37
76
289
11
12
368
597
332
1068
342
28
16
340
164
690
59
288
15
23
267
1807
101
269
149
31
87
402
180
349
291
671
626
63
214
161
362
783
278
1092
229
373
622
85
559
1007
844
427
500
248
205
98
368
304
180
236
101
630
223
354
35
472
18
1073
82
90
427
880
145
199
68
72
254
651
1912
171
393
290
578
154
154
854
746
169
362
5
434
682
569
49
474
795
783
60
30
1168
229
252
928
137
371
428
858
192
264
1109
936
67
227
377
488
116
71
1141
84
408
68
624
707
662
460
64
278
15
70
170
50
179
12
414
90
135
64
3
55
219
783
299
9
69
117
14
356
964
31
116
727
1673
489
467
842
3
256
164
76
860
121
151
194
455
355
467
946
123
336
205
620
239
802
294
214
12
385
482
148
130
144
1339
333
129
201
170
84
6
290
191
132
318
549
97
101
19
335
119
373
177
99
74
87
308
68
450
512
155
1337
7
161
1539
869
518
324
100
136
9
773
413
242
320
197
65
332
244
325
1006
482
531
1105
696
84
194
90
654
462
182
317
218
255
1992
95
558
203
54
65
81
456
904
237
52
78
110
378
355
37
290
83
349
19
94
116
166
133
738
41
79
210
1431
39
246
206
302
291
708
9
609
58
1056
376
74
201
61
670
685
537
194
70
849
307
509
232
123
934
539
288
432
107
988
86
144
165
153
519
174
741
381
539
410
256
369
234
47
52
396
72
320
92
1344
301
119
10
109
284
1357
755
452
38
482
274
253
758
267
861
6
160
62
289
111
33
179
427
554
448
107
123
45
486
90
73
550
77
523
73
481
263
175
243
944
217
323
695
1053
10
1589
926
14
115
827
317
18
215
228
501
160
1596
245
216
31
27
537
414
4
425
12
363
230
300
337
155
152
676
169
98
12
24
107
639
936
439
531
133
1020
498
113
1075
273
41
446
206
516
176
65
621
128
205
16
590
363
335
352
878
68
142
53
163
1232
835
411
110
1533
30
377
599
103
1132
36
156
332
201
702
618
265
113
222
603
344
752
64
19
796
39
1031
333
85
1260
116
13
721
736
1417
904
206
203
209
257
111
476
88
1163
296
149
811
218
246
11
555
23
297
78
38
982
72
184
9
364
640
55
42
1076
65
231
398
709
375
7
395
237
533
245
75
166
250
139
135
112
278
997
375
35
1315
137
154
275
20
618
710
29
228
401
1682
557
75
490
863
954
604
202
670
145
61
31
277
147
315
157
33
394
40
56
648
202
7
232
161
361
236
50
122
50
335
355
1572
859
410
342
220
44
87
216
341
658
569
295
89
34
235
76
401
284
489
541
239
367
120
11
218
418
1076
282
544
25
350
557
959
269
90
726
164
208
332
16
843
578
241
491
744
95
16
10
26
434
348
11
419
280
190
604
485
129
117
175
344
60
733
23
484
565
1495
368
270
1543
977
14
352
590
134
243
630
263
385
1696
313
3
74
281
264
105
308
543
449
168
1129
4
339
278
617
216
469
507
183
94
3
486
756
1765
183
195
382
211
520
102
1314
221
317
85
810
1170
202
107
515
361
22
303
18
19
259
194
227
731
124
272
364
184
378
305
416
1149
147
699
89
1013
388
113
52
188
172
348
644
393
71
507
1103
15
302
44
914
263
213
261
540
201
1006
161
7
102
106
398
113
43
510
39
167
87
261
347
356
145
658
78
19
942
51
59
6
51
124
425
139
197
56
1583
55
78
408
84
149
37
22
105
28
676
1154
251
283
13
389
934
44
311
679
832
555
717
207
685
234
511
114
5
167
337
103
446
408
727
65
108
459
108
22
116
1227
238
97
29
507
483
246
127
748
500
32
745
180
1196
81
52
25
288
65
47
589
330
149
191
1351
1539
517
176
183
211
82
1079
234
90
1141
686
38
47
731
118
276
201
10
53
149
620
25
506
127
156
4
357
307
120
126
245
409
31
203
60
134
13
319
46
620
447
6
570
191
350
71
13
670
353
52
926
234
60
44
233
334
254
54
482
301
23
29
32
502
175
31
306
249
507
176
600
131
199
340
6
29
1087
237
92
379
158
167
74
187
207
138
61
32
598
53
93
647
617
139
29
119
754
156
229
42
128
180
421
199
88
95
288
820
525
1816
14
223
396
523
327
858
6
272
290
48
331
528
378
581
660
370
46
756
958
114
110
728
17
167
126
336
309
269
419
95
63
398
1206
140
808
369
167
272
190
112
1005
48
176
105
449
475
60
420
267
60
353
1621
1004
424
147
285
68
11
68
717
30
123
202
131
234
162
294
639
731
176
82
67
71
419
29
259
67
494
323
237
101
155
59
94
741
301
228
795
296
669
483
455
135
87
303
200
399
84
131
65
574
151
316
12
191
609
9
167
309
307
4
23
597
332
265
426
29
60
286
251
89
286
589
57
337
46
405
501
445
305
149
102
328
418
159
501
6
665
84
210
755
184
362
698
792
145
134
176
1443
343
1099
426
157
227
99
822
120
275
438
43
1019
470
197
268
290
63
21
234
8
232
95
966
157
450
743
26
421
93
182
214
383
10
721
498
215
407
346
599
237
283
384
930
757
260
304
371
212
950
1371
41
67
416
636
792
152
14
1095
4
709
331
728
358
103
45
478
225
69
565
138
255
428
351
438
825
485
39
142
38
2489
34
881
274
377
346
148
79
210
373
357
158
38
20
1688
238
232
438
5
156
505
133
186
652
447
38
78
10
15
527
395
295
892
45
165
1372
4
17
510
164
174
87
190
293
192
380
434
664
743
323
446
882
122
17
62
271
72
220
69
54
36
136
10
598
283
706
14
211
334
437
227
1020
112
33
370
51
347
541
442
87
1464
42
165
118
362
688
648
390
147
80
424
31
502
153
271
349
199
676
169
208
182
67
15
210
862
299
27
50
845
339
585
1098
141
422
42
442
138
2040
146
86
87
139
890
1059
1047
351
504
390
313
121
1146
174
278
686
410
235
10
904
836
238
306
401
63
83
280
1122
21
1139
849
351
140
737
299
189
622
281
30
46
20
572
141
122
93
1543
79
785
327
441
375
488
397
841
547
2
560
21
248
871
631
230
165
195
248
556
250
391
1615
165
576
250
324
912
1068
8
389
39
482
709
23
10
294
510
156
393
253
797
223
612
59
626
319
1117
2
73
165
438
900
670
378
99
195
46
86
309
110
85
118
446
470
2341
1038
75
489
361
531
803
386
401
179
56
55
374
958
987
29
262
263
154
589
47
603
110
303
210
37
1004
154
574
70
451
510
163
202
14
441
1093
256
497
219
36
149
344
153
882
955
191
1323
24
218
178
78
1256
239
11
307
2
411
6
152
308
343
186
24
84
55
171
122
507
78
50
1020
92
147
1142
233
466
243
106
392
449
372
63
144
181
141
554
133
317
301
321
9
26
576
464
633
109
53
124
314
1097
3
189
264
572
524
99
439
503
142
539
730
86
37
804
686
773
1081
67
290
586
116
236
582
261
300
772
416
190
43
1519
509
69
92
415
632
191
167
162
336
165
241
657
581
169
689
274
626
10
634
528
134
108
115
571
777
12
160
90
384
205
25
612
8
188
3
585
324
108
95
167
184
77
708
27
462
19
278
204
205
676
818
1017
212
302
51
78
226
175
113
460
188
519
530
522
145
568
194
215
56
335
510
72
628
271
109
772
689
5
88
45
86
177
405
201
107
464
16
600
679
585
442
411
191
2107
205
590
56
370
775
15
266
672
618
12
69
1119
414
331
138
82
241
57
74
473
200
505
506
46
80
1032
37
162
79
511
167
29
26
22
250
620
537
65
96
1011
207
99
294
565
271
80
507
131
177
107
334
312
26
119
590
215
266
359
358
186
293
207
130
544
143
319
183
30
127
599
249
144
160
37
120
227
196
311
195
738
1861
104
456
330
121
677
275
150
125
72
655
574
170
319
428
134
259
389
199
189
91
61
748
803
348
4
121
211
50
1472
431
623
585
259
311
457
331
128
208
734
184
1537
143
283
472
144
295
57
52
111
486
13
129
941
66
454
220
84
83
172
294
48
253
18
296
63
525
406
14
64
82
169
273
13
171
113
103
132
331
1097
1051
136
71
320
196
246
896
137
338
1225
46
176
89
104
193
95
392
485
164
524
241
22
103
156
48
630
76
520
168
185
230
42
353
84
9
57
22
226
88
322
6
99
143
132
166
268
95
41
427
67
361
95
248
498
774
244
555
188
117
49
173
6
77
1345
812
128
274
346
58
104
432
522
223
300
157
729
799
49
218
275
364
148
73
212
192
199
285
155
98
184
53
45
171
625
55
431
193
153
493
244
151
194
163
522
54
247
194
348
536
1955
1316
206
869
165
83
52
384
13
461
146
214
60
620
214
415
146
153
507
16
530
165
899
38
36
603
651
231
180
1722
24
367
1150
230
183
233
402
104
284
1498
957
290
104
405
164
44
234
200
446
269
306
186
88
153
271
81
1016
924
151
78
226
86
301
64
952
864
646
552
769
105
652
386
433
601
136
894
7
292
236
393
386
772
40
33
128
83
240
271
62
400
656
71
377
128
132
72
876
475
260
233
584
218
53
238
36
123
136
253
11
577
295
559
500
265
338
307
649
213
303
526
100
245
14
372
69
339
284
27
326
98
42
25
237
895
159
103
144
623
75
368
351
405
193
141
1136
565
638
448
115
331
698
921
400
40
45
1312
622
1232
342
44
32
46
279
76
28
860
21
899
25
433
3
62
310
88
439
46
262
68
155
123
2
362
284
222
341
336
106
225
291
147
402
747
2
327
161
671
9
212
3
1235
162
95
326
257
24
90
223
363
417
61
1081
62
589
69
791
96
574
631
1360
544
86
916
69
144
65
287
651
95
39
557
1051
490
259
565
203
24
1214
363
88
397
67
250
487
202
593
536
80
855
370
63
575
1017
51
263
465
917
153
183
127
290
243
414
139
236
10
1188
279
432
282
47
209
694
127
53
53
174
263
288
1048
363
657
202
347
76
171
776
221
46
224
575
62
552
437
152
149
198
852
2
272
220
695
377
115
37
325
148
278
3
57
191
962
889
173
204
214
288
143
269
96
266
456
14
263
6
606
59
190
51
105
156
1112
50
728
273
97
1124
123
825
962
1690
364
508
249
97
535
3
1106
223
30
209
155
124
244
753
961
105
415
227
54
17
545
294
110
206
105
189
60
684
66
157
391
62
181
10
861
27
92
330
345
177
30
61
60
75
569
456
136
297
100
178
312
318
142
141
1006
149
65
128
524
1000
755
192
636
170
370
245
101
837
1630
159
168
649
110
439
13
127
35
3
25
434
80
15
465
34
1178
54
267
453
361
106
162
629
166
154
402
200
299
872
231
565
166
59
1011
70
215
177
187
739
651
42
468
270
42
45
357
435
262
39
1202
77
517
335
185
86
266
357
96
476
442
730
137
52
42
96
115
3
623
507
189
29
120
54
404
56
713
215
158
70
106
122
302
526
92
82
410
708
124
24
495
285
728
11
46
60
4
558
275
725
233
317
56
178
431
145
185
43
28
139
754
141
45
384
565
585
828
523
595
70
641
523
427
812
641
343
6
297
131
236
215
67
69
487
853
79
78
245
44
477
33
140
425
669
48
20
73
265
786
300
611
435
274
257
1280
85
186
350
89
271
54
1201
83
256
190
253
320
76
84
219
516
584
30
263
198
50
178
379
74
131
515
243
1427
211
648
264
41
94
119
90
195
195
495
34
205
369
40
239
148
412
632
255
230
213
44
483
376
90
161
67
66
57
326
258
7
824
81
845
162
65
99
198
723
105
557
241
153
168
289
79
610
3
240
263
21
149
80
721
36
134
45
10
211
421
881
211
290
72
507
421
182
79
67
105
305
458
94
82
260
150
232
460
507
1447
177
18
315
49
399
1031
421
25
228
557
60
418
188
440
89
2025
275
21
78
373
66
660
81
302
1825
1234
114
433
544
11
151
37
168
249
98
389
165
642
774
60
238
413
213
168
76
338
401
283
213
21
191
40
105
203
369
144
948
308
91
95
660
436
328
774
62
43
588
300
138
363
30
154
155
54
319
